83.4082 0.166208 0.364962 2.23903 2.55629 -0.291196 2.96686 0.114128 0.5866 1.94198 -2.76686 -0.588004 2.69879 -0.0520805 0.221638 -0.297049 -5.32314 -0.296809 -0.268078 0.374264 52.8208
83.8812 0.110487 0.331758 2.23864 2.70098 -0.242891 2.85775 0.0613796 0.478665 1.72234 -2.99832 0.760372 3.03494 -0.0491076 0.146907 -0.516299 -5.6993 1.00326 0.177193 0.539034 65.1002
84.6234 0.0193718 0.312033 2.23186 2.84635 -0.155026 2.77639 -0.00672171 0.395929 1.50473 3.09649 0.889389 2.85766 -0.0260935 0.0838964 -0.727127 0.250139 1.04441 0.0812739 0.732416 61.1285
84.8608 -0.00823432 0.315063 2.22838 2.87583 -0.126426 2.76916 -0.0277757 0.400899 1.50586 3.0997 0.904024 2.85996 -0.0195414 0.0858362 -0.72252 0.223863 1.03045 0.0907941 0.727863 60.0592
85.1028 -0.0334069 0.321828 2.22455 2.89904 -0.0982301 2.76958 -0.0445531 0.397088 1.45346 3.06424 0.940933 2.83989 -0.0111462 0.0752599 -0.771091 0.165203 1.03916 0.0703066 0.774835 60.0702
85.3726 -0.061557 0.336024 2.21919 2.92067 -0.0620345 2.78145 -0.0599369 0.411612 1.45696 3.07795 0.952661 2.85016 0.00162002 0.0755878 -0.762233 0.15728 1.0147 0.0687101 0.765973 58.6202
85.6378 -0.0790228 0.350474 2.21496 2.93025 -0.0354527 2.7984 -0.0734086 0.425389 1.4385 -2.48305 -0.608191 2.43773 0.00561416 0.0749147 -0.776457 -5.41331 -0.572739 -0.360668 0.780082 56.7733
85.9057 -0.094031 0.367138 2.21096 2.93391 -0.00909092 2.82152 -0.0881555 0.467302 1.49766 -2.47852 -0.581838 2.46922 0.00587544 0.100164 -0.713306 -5.41243 -0.572747 -0.3523 0.720328 57.2326
86.6451 -0.127728 0.434888 2.19805 2.9095 0.0825739 2.93574 -0.108316 0.540586 1.46944 -2.45512 -0.577993 2.52208 0.0194121 0.105698 -0.728601 -5.36463 -0.660567 -0.413661 0.736484 63.1025
86.8797 -0.133268 0.457656 2.19435 2.89335 0.111689 2.9779 -0.115469 0.591119 1.51706 -2.73713 0.926917 -2.91598 0.0177985 0.133463 -0.677297 -5.63048 0.815229 -5.89387 0.690551 55.7516
87.1245 -0.137371 0.487711 2.18981 2.86675 0.151483 3.03689 -0.120046 0.63034 1.53805 -2.53577 -0.635749 2.67355 0.017325 0.142629 -0.651761 -5.40252 -0.787232 -0.363337 0.66741 65.6883
87.3783 -0.137454 0.509509 2.18667 2.84364 0.181678 3.08175 -0.121633 0.668895 1.54994 -2.48983 -0.641241 2.65069 0.0158203 0.159385 -0.63673 -5.33347 -0.822919 -0.431065 0.656566 70.1217
87.5596 -0.134731 0.530289 2.18377 2.81824 0.211774 3.12581 -0.127203 0.746785 1.65869 -2.54437 -0.570653 2.76897 0.00752803 0.216497 -0.525079 -5.36261 -0.782427 -0.35684 0.56801 67.9755
88.0033 -0.116441 0.573139 2.17838 2.75072 0.279019 -3.06474 -0.121981 0.859358 1.77373 -2.69354 0.659039 -2.75675 -0.00553997 0.286218 -0.404649 -5.44426 0.38002 0.307996 0.495674 47.732
88.4168 -0.0881176 0.595517 2.17755 2.68015 0.32931 -3.00672 -0.101244 0.944309 1.87669 -2.72483 0.594403 -2.69909 -0.013126 0.348792 -0.300853 -5.40498 0.265093 0.307629 0.460804 47.4103
94.4111 0.0969142 0.574729 2.18514 2.64473 -0.152912 2.64722 0.0552301 0.904755 1.87073 -2.24169 -0.181069 2.34637 -0.0416841 0.330026 -0.314404 -4.88642 -0.0281565 -0.300855 0.457717 78.7202
94.6213 0.0813808 0.575682 2.18444 2.67409 -0.123824 2.70898 0.0411849 0.923887 1.90672 -3.1116 0.610222 2.84177 -0.040196 0.348205 -0.277711 -5.78568 0.734046 0.132796 0.447198 49.9178
94.8212 0.0656224 0.576054 2.18375 2.70336 -0.0924432 2.77886 0.026549 0.907388 1.87284 -2.96128 0.644906 2.95931 -0.0390734 0.331334 -0.310903 -5.66464 0.73735 0.180441 0.456037 53.6436
95.072 0.0441563 0.575557 2.18272 2.74296 -0.0482867 2.88279 0.0106167 0.87051 1.79674 -2.94669 0.691645 3.08824 -0.0335396 0.294953 -0.385986 -5.68965 0.739932 0.205448 0.486937 52.6314
95.2509 0.0281867 0.574406 2.18172 2.77359 -0.0146009 2.96713 -0.00326725 0.819454 1.69431 -2.75228 0.756937 -3.00287 -0.0314539 0.245048 -0.487412 -5.52587 0.771538 -5.96999 0.546451 58.7905
95.4622 0.00785341 0.572448 2.17983 2.81621 0.0292416 3.08509 -0.0163483 0.806974 1.6712 -2.69372 0.701908 -2.9024 -0.0242018 0.234526 -0.508634 -5.50993 0.672666 -5.98749 0.560622 55.5924
95.6642 -0.00588622 0.57004 2.1782 2.84894 0.0599779 -3.10787 -0.0282141 0.786371 1.63133 -2.50347 -0.635514 2.73796 -0.0223278 0.216331 -0.546876 -5.35241 -0.695492 5.84583 0.588533 64.0582
95.907 -0.0179239 0.566177 2.17667 2.88138 0.0881237 -3.01824 -0.0376589 0.754375 1.57769 -2.60753 -0.746713 2.86185 -0.019735 0.188199 -0.598976 -5.48891 -0.834837 5.88008 0.628156 63.3659
96.1132 -0.0280525 0.560392 2.17546 2.91239 0.113319 -2.93156 -0.0447951 0.739637 1.56213 -2.63613 -0.791643 2.92021 -0.0167426 0.179244 -0.613333 -5.54852 -0.904961 5.85177 0.639208 64.5512
96.7717 -0.0367673 0.532075 2.17442 2.99338 0.172922 -2.691 -0.0494548 0.691834 1.53677 -2.90935 -0.907209 -3.03818 -0.0126875 0.15976 -0.637641 -5.90273 -1.08013 -0.347181 0.657473 65.4513
97.4136 -0.00160512 0.515398 2.17431 3.02254 0.200621 -2.5725 -0.021552 0.667025 1.52901 -2.30182 0.441929 -2.21764 -0.0199469 0.151627 -0.645299 -5.32436 0.241308 0.354865 0.663174 53.5722
97.6843 0.0137318 0.516546 2.1737 3.0201 0.204726 -2.56637 -0.0112756 0.678354 1.5468 -3.13142 -0.89867 -2.76892 -0.0250074 0.161808 -0.626903 -6.15153 -1.1034 -0.202553 0.647931 64.0756
97.9286 0.033936 0.523091 2.17238 3.00951 0.208094 -2.5803 0.00182408 0.669225 1.5098 -2.35168 0.491507 -2.21247 -0.0321119 0.146134 -0.662586 -5.36119 0.283413 0.367836 0.67927 51.7996
98.2052 0.0480378 0.531529 2.1711 2.99647 0.208976 -2.60724 0.0125849 0.695776 1.54013 -2.30859 0.406473 -2.2468 -0.035453 0.164247 -0.630976 -5.30506 0.197498 0.360434 0.652966 54.3156
98.8111 0.0912382 0.578327 2.16505 2.92542 0.193712 -2.79443 0.0438958 0.789817 1.61006 -2.64789 -0.885658 3.03599 -0.0473423 0.21149 -0.554986 -5.57331 -1.07937 5.83043 0.595801 71.7443
99.2457 0.12092 0.606888 2.1623 2.86662 0.163493 -2.96892 0.0730305 0.867856 1.67838 -2.61788 0.567604 -2.63719 -0.0478894 0.260969 -0.48392 -5.4845 0.404111 0.331733 0.551885 48.1159
100.108 0.184598 0.623763 2.16506 2.73484 0.0289143 2.81328 0.123949 0.930104 1.75635 -3.04967 0.650133 3.02865 -0.0606493 0.306341 -0.408714 -5.78451 0.621218 0.215369 0.514363 44.3026
100.335 0.187239 0.616184 2.16764 2.71346 -0.00333422 2.70564 0.127185 0.916316 1.75863 3.06565 0.642824 2.79871 -0.0600547 0.300132 -0.409008 0.352187 0.646159 0.0930677 0.510855 41.4956
100.546 0.183415 0.605612 2.1708 2.69431 -0.0332055 2.60338 0.12081 0.879868 1.72214 2.98371 0.701461 2.68228 -0.0626057 0.274255 -0.448664 0.289404 0.734666 0.0789022 0.529561 44.7594
103.551 -0.0539869 0.631711 2.16927 2.4765 0.318664 2.51863 -0.0662881 0.899744 1.67931 2.59714 0.790455 2.53282 -0.0123013 0.268033 -0.489958 0.120647 0.471791 0.0141871 0.558616 27.7899
103.778 -0.0484621 0.645698 2.16557 2.50514 0.407587 2.65397 -0.0616707 0.893782 1.63511 2.72776 0.899626 2.69072 -0.0132086 0.248084 -0.530457 0.22262 0.492039 0.036755 0.585751 30.4222
103.99 -0.0464015 0.654601 2.16207 2.53971 0.472331 2.7701 -0.0584132 0.890963 1.6049 2.87977 0.947897 2.89754 -0.0120117 0.236362 -0.557174 0.340058 0.475566 0.127431 0.605354 31.2996
104.205 -0.046994 0.662404 2.15772 2.58702 0.532468 2.89847 -0.0615393 0.942725 1.66997 2.98846 0.914793 3.07863 -0.0145452 0.280321 -0.487752 0.401442 0.382325 0.180168 0.562755 28.1173
104.595 -0.0625823 0.66782 2.14737 2.74039 0.638801 -3.05168 -0.0725233 0.941714 1.65456 -2.84603 0.890738 -2.6762 -0.00994096 0.273893 -0.492805 -5.58642 0.251937 0.375484 0.563891 32.4353
104.994 -0.0912394 0.64222 2.14309 2.91599 0.682461 -2.72125 -0.0995039 0.954536 1.73374 -2.63835 0.721797 -2.35455 -0.00826453 0.312316 -0.409345 -5.55434 0.0393357 0.366701 0.514949 32.3317
105.23 -0.100829 0.621352 2.14423 2.98182 0.68316 -2.59951 -0.10752 0.907055 1.70599 -2.2092 -0.922894 2.81684 -0.00669087 0.285703 -0.438247 -5.19102 -1.60605 5.41635 0.523194 111.234
105.6 -0.103706 0.572709 2.15025 3.07787 0.662148 -2.41403 -0.108641 0.837398 1.72265 -2.48598 0.559175 -2.11194 -0.00493432 0.264688 -0.427596 -5.56385 -0.102973 0.30209 0.502914 34.7012
105.804 -0.0905023 0.5446 2.15495 3.11273 0.637151 -2.33759 -0.0971811 0.793228 1.70615 -2.83066 -1.02051 -2.81832 -0.0066788 0.248628 -0.448803 -5.94338 -1.65766 -0.480733 0.513113 98.2318
106.607 -0.000713832 0.515889 2.16298 3.09676 0.529001 -2.32862 -0.0240292 0.726711 1.65064 -2.42509 0.443405 -2.06199 -0.0233154 0.210822 -0.51234 -5.52185 -0.0855957 0.266629 0.55451 39.0788
106.818 0.0194663 0.524642 2.16232 3.07552 0.499026 -2.37069 -0.00847494 0.757582 1.68863 -3.11368 -0.997396 -2.6009 -0.0279412 0.232939 -0.473686 -6.18921 -1.49642 -0.230208 0.528602 86.4644
107.024 0.0414728 0.543751 2.16031 3.04233 0.455167 -2.44874 0.00552771 0.777698 1.68394 -3.03547 -1.01447 -2.68971 -0.0359451 0.233946 -0.476362 -6.0778 -1.46964 -0.240974 0.531925 85.2007
107.42 0.0678947 0.582429 2.156 2.98575 0.377958 -2.60966 0.0288465 0.80928 1.6236 -2.48482 0.45361 -2.31742 -0.0390481 0.226851 -0.532398 -5.47057 0.0756516 0.292244 0.580029 42.695
107.824 0.0932469 0.629777 2.15083 2.91987 0.267235 -2.85473 0.0469495 0.864769 1.61194 -2.53056 0.590946 -2.46916 -0.0462974 0.234993 -0.538896 -5.45043 0.323711 0.385565 0.589723 46.6931
108.038 0.103557 0.644904 2.14959 2.89445 0.213011 -2.97462 0.0555066 0.914552 1.66178 -2.40849 -0.741762 2.76118 -0.04805 0.269649 -0.487804 -5.30294 -0.954774 5.7358 0.559439 76.0551
108.219 0.114521 0.654427 2.14926 2.87217 0.155119 -3.10026 0.0667308 0.930879 1.66758 -2.67514 0.608662 -2.78662 -0.0477905 0.276452 -0.481677 -5.54731 0.453543 0.313635 0.557425 46.4507
108.407 0.128069 0.656276 2.15065 2.84883 0.0745449 3.01046 0.0756133 0.943103 1.68708 -2.79254 0.675637 -2.94378 -0.0524556 0.286827 -0.463563 -5.64137 0.601092 -5.95423 0.547642 48.125
108.623 0.135719 0.647937 2.1535 2.83625 0.0136748 2.88083 0.0802325 0.923382 1.67782 -2.24324 -0.410414 2.46188 -0.0554861 0.275445 -0.47568 -5.0795 -0.424088 -0.418952 0.552467 71.5307
108.793 0.138456 0.631399 2.15794 2.82745 -0.0451011 2.75403 0.0805631 0.866832 1.62291 -3.01939 0.792206 2.96312 -0.0578934 0.235433 -0.535038 -5.84684 0.837307 0.20909 0.587406 52.8928
109.173 0.0889159 0.572427 2.17213 2.80804 -0.154659 2.4876 0.0443787 0.812095 1.67635 3.00606 0.779296 2.58619 -0.0445372 0.239668 -0.495779 0.19802 0.933955 0.0985897 0.552468 54.51
109.574 -0.0238868 0.515929 2.18106 2.77328 -0.212733 2.32172 -0.0532353 0.747878 1.72982 -2.35612 0.169154 2.13077 -0.0293484 0.231949 -0.451234 -5.12939 0.381887 -0.190952 0.508207 69.768
111.458 -0.437136 0.531642 2.1266 2.59875 0.0460425 2.54456 -0.370072 0.773669 1.66946 -2.48722 0.00851552 2.30818 0.0670637 0.242027 -0.457137 -5.08597 -0.037527 -0.236382 0.521583 70.1499
111.883 -0.443635 0.562615 2.12526 2.62658 0.225513 2.82075 -0.391248 0.847663 1.7413 -3.13057 0.908422 2.93796 0.0523862 0.285048 -0.383956 -5.75715 0.682909 0.117206 0.481061 47.1664
112.069 -0.445687 0.571413 2.12553 2.65171 0.308277 2.96674 -0.386734 0.845737 1.70772 -2.43909 -0.272258 2.63876 0.0589527 0.274324 -0.417811 -5.09079 -0.580536 -0.327975 0.503284 77.3737
112.271 -0.450986 0.577511 2.12464 2.68777 0.392965 3.13014 -0.407802 0.88663 1.77357 -2.47202 -0.343223 2.81108 0.0431841 0.309119 -0.351075 -5.15979 -0.736188 -0.319065 0.469758 77.9304
112.439 -0.468849 0.582054 2.11907 2.75889 0.505577 -2.90699 -0.4221 0.899108 1.78154 -2.59219 0.713305 -2.58654 0.046749 0.317053 -0.337529 -5.35108 0.207728 0.320449 0.46544 46.6741
112.631 -0.493441 0.581328 2.1109 2.83435 0.585926 -2.70115 -0.488608 0.984211 1.9445 -2.54776 -0.453544 -3.05068 0.00483309 0.402883 -0.1664 -5.38211 -1.03947 -0.349526 0.435921 80.2871
113 -0.549903 0.552333 2.09211 3.07368 0.723056 -2.17178 -0.579835 1.01199 2.07845 -2.51699 0.246418 -2.16679 -0.0299322 0.459655 -0.0136631 -5.59067 -0.476638 0.00499799 0.460831 47.743
113.17 -0.566524 0.527438 2.08672 -3.0957 0.755505 -1.94326 -0.596345 0.96437 2.06951 -2.59825 0.237627 -1.92646 -0.0298201 0.436932 -0.0172109 0.497446 -0.517878 0.0167993 0.438287 40.607
118.804 -0.521784 0.0520724 2.19223 2.82532 0.488752 -2.54095 -0.393341 0.0890825 1.55063 2.83037 -0.517598 -2.50981 0.128443 0.0370101 -0.641599 0.00505895 -1.00635 0.0311358 0.655376 57.6856
119.053 -0.543702 0.016404 2.18427 2.89031 0.459811 -2.58586 -0.391601 0.0366074 1.47259 2.78739 -0.516157 -2.52615 0.152101 0.0202034 -0.711681 -0.102923 -0.975968 0.0597053 0.728034 56.289
119.465 -0.490963 -0.0200574 2.18624 3.02403 0.374862 -2.68301 -0.318729 -0.00308759 1.32437 -2.33378 0.979647 -2.24782 0.172234 0.0169698 -0.861873 -5.35781 0.604785 0.43519 0.879078 53.1128
119.86 -0.444823 -0.0521331 2.18633 3.11915 0.337123 -2.74902 -0.281013 -0.0395469 1.2739 2.78698 -0.700836 -2.64173 0.16381 0.0125862 -0.912427 -0.332168 -1.03796 0.107295 0.927101 62.0931
120.05 -0.454008 -0.0730051 2.18163 -3.12079 0.34209 -2.77225 -0.285656 -0.0633185 1.27476 2.77194 -0.690685 -2.62874 0.168352 0.00968663 -0.906865 5.89273 -1.03277 0.143507 0.922411 62.8538
120.266 -0.430672 -0.08305 2.18106 -3.07371 0.338973 -2.79494 -0.276545 -0.0703689 1.29473 2.83262 -0.713128 -2.67937 0.154127 0.012681 -0.886334 5.90633 -1.0521 0.115569 0.899724 63.5583
120.465 -0.421046 -0.0815584 2.18091 -3.04061 0.343479 -2.80387 -0.266728 -0.0672499 1.2748 2.72803 -0.699747 -2.62089 0.154318 0.0143085 -0.906114 5.76865 -1.04323 0.182981 0.919272 65.9109
120.681 -0.413768 -0.0781594 2.18103 -3.01335 0.351823 -2.80735 -0.267659 -0.0663312 1.31502 -2.57674 1.07296 -2.49405 0.146109 0.0118282 -0.866006 0.436612 0.72114 0.313307 0.878325 44.8475
120.857 -0.409421 -0.0790503 2.17933 -2.99121 0.370545 -2.80451 -0.264295 -0.0663693 1.29568 2.7971 -0.720638 -2.67834 0.145126 0.012681 -0.883645 5.78831 -1.09118 0.126163 0.895573 67.8383
121.068 -0.412165 -0.0803663 2.17923 -2.98051 0.388818 -2.7954 -0.266557 -0.0663691 1.29568 2.79805 -0.719375 -2.67897 0.145607 0.0139972 -0.883552 5.77856 -1.10819 0.116432 0.895579 68.9353
121.674 -0.418297 -0.0521471 2.17983 -2.97897 0.449231 -2.72628 -0.278193 -0.039373 1.33533 2.77788 -0.671615 -2.63285 0.140104 0.0127741 -0.844497 5.75684 -1.12085 0.0934282 0.856135 70.1655
121.869 -0.420535 -0.0426188 2.18066 -2.99176 0.46711 -2.69613 -0.268996 -0.0270527 1.29105 -2.37785 1.06715 -2.30834 0.151539 0.0155661 -0.889616 0.613911 0.600039 0.387798 0.902565 41.8589
122.056 -0.42287 -0.0371706 2.18299 -3.01151 0.485071 -2.66238 -0.256091 -0.0208858 1.22415 -2.2592 1.05471 -2.15425 0.166779 0.0162847 -0.958838 0.752312 0.569641 0.508134 0.973371 43.6804
122.239 -0.416974 -0.0296536 2.18767 -3.04934 0.504163 -2.6135 -0.26463 -0.0139286 1.28085 2.70043 -0.706745 -2.50065 0.152345 0.0157249 -0.906817 5.74977 -1.21091 0.112849 0.919659 74.9887
122.812 -0.420117 -0.00995708 2.1998 3.10254 0.547009 -2.47631 -0.291433 0.00770517 1.41317 -2.29024 0.911477 -2.11078 0.128684 0.0176622 -0.786632 -5.39278 0.364468 0.36553 0.797284 44.6792
130.838 -0.136391 0.492766 2.19893 2.64743 -0.616002 -2.67502 -0.109781 0.601994 1.43875 2.83485 -1.04323 -2.79924 0.0266095 0.109228 -0.760178 0.187425 -0.42723 -0.124214 0.768447 25.4745
131.095 -0.123481 0.516756 2.18843 2.77222 -0.554009 -2.78695 -0.104353 0.640502 1.46807 3.02464 -0.990862 -2.97486 0.0191277 0.123747 -0.720355 0.252428 -0.436853 -0.187906 0.731157 26.9634
131.302 -0.104805 0.530654 2.18213 2.85134 -0.501282 -2.85689 -0.0906809 0.647836 1.44385 -3.10013 -0.961408 -3.09797 0.0141241 0.117182 -0.738278 -5.95147 -0.460126 -0.241077 0.747654 29.7082
131.48 -0.0818377 0.54136 2.1766 2.9197 -0.444956 -2.91735 -0.0738109 0.678745 1.47732 -2.0947 0.620677 -2.28927 0.00802677 0.137385 -0.699279 -5.0144 1.06563 0.628074 0.712692 94.949
131.651 -0.0480916 0.553976 2.16961 2.99739 -0.365958 -2.98476 -0.0552891 0.675859 1.44155 -2.86864 -0.903525 2.99882 -0.00719746 0.121883 -0.728058 -5.86603 -0.537566 5.98358 0.738224 36.0355
131.843 -0.0188907 0.562113 2.16477 3.04685 -0.307099 -3.0268 -0.0306221 0.666633 1.39452 -2.20216 0.704979 -2.37606 -0.0117314 0.10452 -0.77025 -5.249 1.01208 0.650741 0.777398 82.5319
132.845 0.0989061 0.587602 2.14271 -3.05131 -0.00081951 3.11415 0.0444898 0.678227 1.34245 -2.49729 0.78652 -2.65404 -0.0544163 0.0906252 -0.800257 0.554021 0.787339 -5.76819 0.807209 55.3305
133.046 0.114419 0.595359 2.13676 -3.01306 0.066695 3.09744 0.0531026 0.706392 1.3791 -2.38904 -0.769152 2.53482 -0.0613165 0.111033 -0.757659 0.624021 -0.835847 -0.562619 0.768202 60.2488
133.241 0.12099 0.603565 2.13174 -2.98306 0.113857 3.09082 0.0588717 0.716287 1.37748 -2.58299 0.796617 -2.75333 -0.0621182 0.112722 -0.754255 0.400078 0.68276 -5.84414 0.765157 46.0407
133.582 0.136268 0.624004 2.11922 -2.908 0.203251 3.09546 0.0644056 0.716613 1.3268 -2.27592 -0.760675 2.42403 -0.0718624 0.0926095 -0.792417 0.632082 -0.963927 -0.671431 0.80104 69.1557
133.967 0.14901 0.641974 2.10711 -2.83435 0.253909 3.12215 0.0778321 0.784866 1.40072 -2.27606 -0.72392 2.44511 -0.0711777 0.142892 -0.706396 0.558286 -0.977828 -0.677044 0.72421 69.4669
134.321 0.155942 0.661861 2.09233 -2.73614 0.284737 -3.10611 0.0799036 0.783635 1.35357 -2.30109 -0.773474 2.44697 -0.0760383 0.121773 -0.738759 0.435053 -1.05821 5.55308 0.752579 72.5836
134.511 0.156213 0.669963 2.08593 -2.6903 0.288392 -3.07594 0.0818773 0.802505 1.36064 -2.36177 0.74088 -2.56898 -0.0743355 0.132542 -0.725292 0.328527 0.452487 0.506955 0.741041 36.0719
134.684 0.153406 0.678409 2.07926 -2.64202 0.286574 -3.04248 0.079818 0.818494 1.36617 -2.35381 0.736247 -2.56489 -0.0735881 0.140085 -0.713092 0.288211 0.449673 0.477591 0.730438 34.9016
135.281 0.125392 0.703729 2.05739 -2.47534 0.244207 -2.91844 0.0601742 0.859882 1.36797 -2.20993 0.619107 -2.44125 -0.0652173 0.156153 -0.689423 0.26541 0.374899 0.47719 0.709888 32.7897
135.477 0.103954 0.712474 2.04909 -2.40934 0.215528 -2.86829 0.050515 0.888878 1.39849 -2.21354 0.588646 -2.43091 -0.0534393 0.176403 -0.650595 0.195804 0.373118 0.437381 0.676201 31.2907
135.848 0.0763364 0.721759 2.03781 -2.31777 0.158472 -2.79884 0.0309034 0.944861 1.45631 -2.10161 0.45567 -2.37201 -0.045433 0.223103 -0.581494 0.21616 0.297198 0.426829 0.624479 29.1546
136.223 0.0576377 0.730506 2.02573 -2.22573 0.0766233 -2.73245 0.0196945 0.973509 1.47574 -2.06602 0.343853 -2.33173 -0.0379432 0.243003 -0.549998 0.159709 0.26723 0.400721 0.602485 27.4343
136.438 0.0528994 0.73362 2.02115 -2.19165 0.0397464 -2.71026 0.0156635 1.02445 1.54158 -2.92323 -0.841819 3.11567 -0.0372359 0.290826 -0.479563 -0.731585 -0.881566 5.82593 0.562092 75.4497
137.259 0.0265342 0.743406 2.00717 -2.07741 -0.0999957 -2.66425 -0.00748117 1.08749 1.60076 3.11268 -0.8149 -2.90913 -0.0340154 0.344083 -0.406415 5.19009 -0.714904 -0.244877 0.533595 79.9551
137.85 -0.0235707 0.763229 1.99593 -2.01834 -0.160352 -2.67909 -0.0471055 1.16652 1.668 -1.96239 0.0332642 -2.36007 -0.0235348 0.403294 -0.327929 0.0559509 0.193616 0.319014 0.520324 21.7651
138.061 -0.0351104 0.769095 1.99323 -2.00971 -0.176245 -2.69469 -0.0559175 1.17827 1.66997 -1.9535 0.030944 -2.36105 -0.0208072 0.409175 -0.323264 0.05621 0.207189 0.333641 0.521878 22.8962
138.921 -0.0288459 0.774852 1.99604 -2.05655 -0.21085 -2.78053 -0.0505135 1.19632 1.68621 -2.07805 0.138043 -2.37558 -0.0216676 0.421464 -0.309835 -0.0214974 0.348893 0.404945 0.523545 30.5258
139.113 -0.0344472 0.780767 1.99567 -2.0784 -0.213506 -2.80826 -0.0565676 1.2108 1.69141 -2.95201 -0.688289 -2.96463 -0.0221204 0.430038 -0.304261 -0.87361 -0.474783 -0.156368 0.527254 60.552
139.684 -0.0549588 0.793612 2.00037 -2.19159 -0.228414 -2.91049 -0.0710924 1.17222 1.61846 -2.66339 -0.68902 3.07409 -0.0161336 0.378611 -0.381916 -0.471805 -0.460606 5.98459 0.53802 45.9405
139.886 -0.0573548 0.794895 2.00369 -2.23628 -0.23939 -2.94313 -0.0729916 1.15871 1.59815 -2.59702 -0.695089 3.02079 -0.0156368 0.363811 -0.405541 -0.360735 -0.4557 5.96392 0.545038 42.0823
140.097 -0.0613023 0.79692 2.00836 -2.29947 -0.258829 -2.98613 -0.0682313 1.08447 1.49751 -2.22554 0.440694 -2.37368 -0.00692903 0.28755 -0.510851 0.0739304 0.699524 0.612457 0.58626 52.6874
140.299 -0.0654581 0.797298 2.01254 -2.34916 -0.277482 -3.01747 -0.0724651 1.06557 1.47308 -2.44905 -0.741425 2.86221 -0.00700698 0.268269 -0.539462 -0.0998927 -0.463943 5.87968 0.602525 37.3296
140.476 -0.0728978 0.798095 2.01656 -2.399 -0.298876 -3.04731 -0.0767909 1.04432 1.44531 -2.41165 -0.757707 2.79707 -0.00389316 0.246227 -0.571253 -0.0126503 -0.458831 5.84438 0.622072 36.4842
141.47 -0.152629 0.769219 2.04868 -2.67429 -0.480917 3.11957 -0.12079 0.924654 1.34781 -2.14055 0.701517 -2.23612 0.0318386 0.155435 -0.700873 0.533737 1.18243 -5.35569 0.718608 86.3494
141.695 -0.173048 0.760807 2.05388 -2.71574 -0.521136 3.11003 -0.138253 0.923395 1.36605 -2.41063 -0.830257 2.65655 0.0347953 0.162588 -0.687831 0.305112 -0.309121 -0.453483 0.707642 26.7024
141.873 -0.19938 0.753557 2.05734 -2.75262 -0.560423 3.10339 -0.157084 0.914813 1.36907 -2.37316 -0.811556 2.6042 0.0422963 0.161256 -0.688269 0.379463 -0.251133 -0.499192 0.708172 26.3693
142.446 -0.288976 0.728328 2.06318 -2.83849 -0.694232 3.09636 -0.210133 0.858125 1.33381 -2.48824 -0.923672 2.65674 0.0788433 0.129797 -0.729365 0.350258 -0.22944 -0.439616 0.745008 21.6635
142.845 -0.338451 0.701315 2.06775 -2.86085 -0.786659 3.09507 -0.248466 0.854926 1.37866 -2.50251 -0.958594 2.65783 0.0899856 0.153611 -0.689094 0.358338 -0.171935 -0.437236 0.711719 18.7585
146.922 -0.469652 0.48503 2.05518 -2.04581 -0.630413 3.00487 -0.408481 0.729618 1.66881 -2.75577 1.00308 -2.2996 0.0611706 0.244588 -0.386366 -0.709961 1.6335 -5.30447 0.46135 115.135
147.347 -0.438961 0.502414 2.05098 -2.00287 -0.516167 3.09734 -0.414127 0.812324 1.79408 -2.82298 0.863179 -2.38021 0.0248335 0.30991 -0.256898 -0.820106 1.37935 -5.47755 0.403308 102.798
148.613 -0.394934 0.582123 2.02478 -1.98898 -0.157883 -2.89676 -0.418332 1.04029 1.9677 -2.33581 0.159064 -2.60384 -0.0233981 0.458165 -0.0570775 -0.346828 0.316947 0.292925 0.4623 31.5949
149.332 -0.389263 0.616203 2.01462 -2.00731 0.00192947 -2.77539 -0.344817 0.929615 1.64972 -1.97041 0.294038 -2.35766 0.0444456 0.313412 -0.364902 0.0369028 0.292108 0.417725 0.483069 28.9526
149.564 -0.375197 0.626709 2.01471 -2.01984 0.0623531 -2.72376 -0.320753 0.90428 1.58088 -1.90524 0.316771 -2.31552 0.054444 0.27757 -0.433828 0.114595 0.254418 0.408236 0.517896 27.2194
149.733 -0.359322 0.633983 2.01613 -2.03043 0.102464 -2.68713 -0.308284 0.914837 1.58426 -1.92361 0.361565 -2.3002 0.0510372 0.280854 -0.431861 0.106814 0.259102 0.386932 0.517675 26.141
149.921 -0.344203 0.642047 2.01707 -2.04031 0.139813 -2.65219 -0.285526 0.899006 1.53626 -1.87533 0.324123 -2.27258 0.0586776 0.256959 -0.4808 0.16498 0.18431 0.379613 0.548306 24.0139
150.107 -0.315845 0.651082 2.02024 -2.05574 0.18166 -2.60963 -0.261063 0.884716 1.49992 -1.87041 0.392978 -2.19386 0.054782 0.233635 -0.520317 0.185329 0.211318 0.41577 0.572988 26.0609
150.313 -0.289196 0.658627 2.02292 -2.06804 0.20685 -2.5813 -0.231166 0.867222 1.45062 3.0763 -0.75604 -2.9299 0.0580303 0.208595 -0.572297 5.14434 -0.96289 -0.348602 0.611885 89.5609
150.508 -0.261473 0.667127 2.02501 -2.07998 0.228121 -2.55595 -0.208522 0.8786 1.45329 -1.84292 0.381108 -2.18284 0.0529507 0.211473 -0.571719 0.237057 0.152987 0.373114 0.611872 23.2547
150.685 -0.227073 0.680495 2.02595 -2.09397 0.251545 -2.52687 -0.183529 0.870289 1.41545 3.13123 -0.850376 -3.009 0.0435436 0.189794 -0.6105 5.2252 -1.10192 -0.482129 0.640803 94.5067
150.873 -0.203356 0.690565 2.02583 -2.10341 0.265902 -2.50865 -0.166587 0.892964 1.43114 -1.84274 0.372776 -2.14294 0.036769 0.202399 -0.594689 0.260663 0.106874 0.365707 0.629264 22.3639
151.063 -0.181236 0.700393 2.02515 -2.11201 0.277594 -2.49362 -0.148228 0.89477 1.4091 3.12996 -0.909113 -2.97727 0.0330082 0.194376 -0.616049 5.24197 -1.18671 -0.483646 0.646829 97.1993
151.241 -0.159426 0.708815 2.02448 -2.1205 0.286589 -2.48216 -0.130208 0.904722 1.40968 -1.86424 0.35837 -2.12157 0.0292181 0.195907 -0.614796 0.256265 0.0717812 0.360591 0.645916 21.5558
151.448 -0.126177 0.717989 2.02394 -2.13272 0.29301 -2.47308 -0.111492 0.918583 1.41417 -1.85387 0.355582 -2.11081 0.0146855 0.200593 -0.609771 0.278842 0.0625725 0.362268 0.642085 22.0188
151.628 -0.10491 0.726561 2.02194 -2.13906 0.295112 -2.46986 -0.0928655 0.903739 1.37297 -3.09192 -0.967758 -3.06423 0.012045 0.177178 -0.64897 -0.952858 -1.26287 -0.59437 0.672829 100.188
152.057 -0.0593565 0.747467 2.01531 -2.14793 0.290772 -2.47449 -0.0667244 0.969309 1.43035 -3.04752 -0.964496 -3.09606 -0.00736788 0.221842 -0.584962 -0.899581 -1.25527 -0.621568 0.625659 98.9096
152.486 -0.0315678 0.764922 2.00848 -2.14687 0.281651 -2.49084 -0.0429123 0.971934 1.39313 -1.86348 0.342344 -2.11977 -0.0113445 0.207012 -0.615343 0.283395 0.0606935 0.371073 0.64933 22.6459
152.709 -0.0226772 0.776671 2.00339 -2.14037 0.275387 -2.50691 -0.0379837 0.984759 1.39139 -1.88297 0.366289 -2.12498 -0.0153065 0.208088 -0.611992 0.257395 0.0909022 0.381925 0.646583 22.7375
152.878 -0.0170902 0.784339 1.99993 -2.13411 0.270073 -2.52188 -0.0345949 0.999842 1.39406 -2.90037 -0.997967 3.02676 -0.0175047 0.215503 -0.605872 -0.766252 -1.26804 5.54864 0.643295 98.9727
153.072 -0.0119045 0.790899 1.99678 -2.1269 0.264337 -2.53945 -0.0316207 1.03673 1.43181 -1.86982 0.341746 -2.18076 -0.0197162 0.245834 -0.564974 0.257082 0.077409 0.358686 0.616457 21.8135
154.698 0.00643105 0.830405 1.97394 -2.02155 0.230749 -2.80742 -0.0191474 1.21533 1.58325 -1.8967 0.351697 -2.44664 -0.0255784 0.384929 -0.39069 0.124851 0.120947 0.360786 0.549057 20.9868
157.98 -0.162978 0.829718 1.95776 -2.03532 0.134155 2.91134 -0.170185 1.30636 1.69098 -2.82159 0.692726 -3.05376 -0.0072071 0.476639 -0.26678 -0.78627 0.558571 -5.9651 0.546268 63.0658
158.194 -0.177198 0.824296 1.95969 -2.05508 0.110492 2.89769 -0.176586 1.26618 1.64773 -2.10675 -0.177679 2.50677 0.00061204 0.441885 -0.311959 -0.0516644 -0.288171 -0.39092 0.540907 27.9975
158.598 -0.206334 0.817532 1.96156 -2.08734 0.0797951 2.89219 -0.20453 1.26613 1.66448 -2.13217 -0.170996 2.58891 0.00180423 0.448601 -0.297081 -0.0448287 -0.250791 -0.30328 0.538055 22.7471
159.146 -0.230427 0.807429 1.96792 -2.14453 0.0281118 2.92016 -0.208325 1.15935 1.54629 -2.17256 -0.31877 2.54333 0.0221022 0.351921 -0.421623 -0.0280219 -0.346882 -0.376823 0.549639 29.48
159.344 -0.234111 0.806198 1.96971 -2.16257 0.0147354 2.93618 -0.214333 1.17504 1.57041 -2.23796 -0.343948 2.58673 0.0197784 0.368846 -0.3993 -0.0753957 -0.358683 -0.349454 0.543948 29.4227
159.541 -0.234643 0.806809 1.97203 -2.18686 -0.00184152 2.96204 -0.214333 1.17504 1.57041 -2.23796 -0.343948 2.58673 0.0203096 0.368235 -0.40162 -0.0510982 -0.342106 -0.375311 0.54526 29.5338
159.71 -0.235617 0.810162 1.9726 -2.20491 -0.011833 2.98429 -0.210315 1.15741 1.54189 -2.49303 0.751599 -2.71268 0.0253019 0.347247 -0.430709 -0.288125 0.763432 -5.69698 0.553833 60.4058
159.905 -0.23805 0.815198 1.97233 -2.22307 -0.0188179 3.00924 -0.212095 1.1561 1.52924 -2.28763 -0.452153 2.61745 0.0259553 0.340903 -0.443093 -0.0645623 -0.433335 -0.391789 0.559661 34.1288
160.439 -0.241803 0.833072 1.97183 -2.28692 -0.0284709 3.10812 -0.206982 1.1404 1.47816 -2.32532 -0.489567 2.64485 0.0348212 0.307327 -0.493673 -0.0384007 -0.461096 -0.463274 0.582559 37.7466
160.658 -0.241056 0.839269 1.97223 -2.31381 -0.0261551 -3.13042 -0.206374 1.15113 1.4831 -2.34174 -0.515613 2.6855 0.0346817 0.311858 -0.489127 -0.0279259 -0.489458 5.81592 0.581123 38.9156
160.851 -0.245093 0.844162 1.97161 -2.3336 -0.0204177 -3.09625 -0.204034 1.13156 1.44774 -2.43248 -0.570024 2.72934 0.0410586 0.287403 -0.523874 -0.0988734 -0.549606 5.82559 0.598941 42.1883
161.031 -0.247572 0.849238 1.97107 -2.35325 -0.0119157 -3.05989 -0.202126 1.11625 1.41843 -2.14079 0.594818 -2.4112 0.0454456 0.267007 -0.552642 0.212463 0.606733 0.64869 0.615444 49.2135
164.3 -0.165585 0.852848 2.00451 -2.62255 0.268249 -2.65513 -0.135118 1.05422 1.3584 -2.50254 -0.82153 2.84431 0.030467 0.201375 -0.64611 0.120013 -1.08978 5.49944 0.67745 74.6535
164.716 -0.145942 0.848241 2.01067 -2.64701 0.296925 -2.66361 -0.120604 1.041 1.35223 -2.07597 0.466685 -2.21366 0.0253385 0.192761 -0.658442 0.571036 0.16976 0.449954 0.686545 34.3609
165.082 -0.129836 0.840858 2.01686 -2.66588 0.313834 -2.68247 -0.100008 0.949733 1.24508 -2.57114 -0.899829 2.8357 0.0298276 0.108876 -0.771782 0.0947381 -1.21366 5.51817 0.779994 79.9467
165.454 -0.117777 0.829629 2.02377 -2.67948 0.322981 -2.71265 -0.0995165 0.999317 1.33442 -2.41882 -0.83977 2.71975 0.0182605 0.169687 -0.689348 0.260667 -1.16275 5.4324 0.710161 79.5655
165.655 -0.115098 0.82408 2.02655 -2.68141 0.32266 -2.72672 -0.0983812 1.01139 1.36323 -2.1038 0.54381 -2.2804 0.0167164 0.187306 -0.663325 0.577617 0.22115 0.446319 0.689466 34.2882
166.033 -0.113102 0.80848 2.03287 -2.67605 0.309714 -2.75996 -0.0974996 0.984204 1.3549 -2.44854 -0.831189 2.72156 0.0156026 0.175724 -0.677967 0.227511 -1.1409 5.48151 0.700544 77.2309
166.217 -0.112385 0.800563 2.03555 -2.66953 0.298269 -2.77385 -0.09537 0.965106 1.34594 -2.08355 0.570594 -2.2592 0.0170146 0.164543 -0.689618 0.585975 0.272325 0.514653 0.70918 37.0341
166.424 -0.110938 0.79263 2.03794 -2.66015 0.28307 -2.78724 -0.0957476 0.961281 1.35521 -2.42457 -0.801632 2.69619 0.01519 0.168651 -0.682731 0.235583 -1.0847 5.48342 0.703418 74.6537
166.638 -0.107026 0.781061 2.04114 -2.64375 0.257078 -2.8045 -0.0937432 0.957212 1.36887 -2.50635 -0.798359 2.75655 0.0132824 0.176151 -0.672266 0.1374 -1.05544 5.56105 0.695088 71.2538
167.205 -0.136417 0.759635 2.04163 -2.58041 0.193497 -2.83298 -0.113007 0.918736 1.35603 -2.52717 -0.769551 2.81089 0.0234103 0.159102 -0.685602 0.0532355 -0.963048 5.64387 0.70421 64.983
167.441 -0.143851 0.745112 2.04359 -2.54779 0.155669 -2.84279 -0.117334 0.911534 1.369 -2.11187 0.567222 -2.30745 0.0265177 0.166422 -0.674597 0.43592 0.411554 0.535342 0.695327 39.2427
167.823 -0.156637 0.720776 2.04669 -2.49232 0.0944563 -2.85444 -0.127264 0.881049 1.37283 -2.09277 0.557795 -2.29972 0.0293727 0.160272 -0.673859 0.399551 0.463338 0.554721 0.693279 41.583
168.174 -0.168176 0.685698 2.05233 -2.42256 0.0175104 -2.86532 -0.141123 0.879155 1.4373 -2.78243 -0.75091 3.0277 0.0270528 0.193457 -0.61503 -0.359873 -0.76842 5.89302 0.645306 56.1368
168.393 -0.167854 0.66942 2.05558 -2.39203 -0.0180908 -2.86993 -0.14312 0.877457 1.47401 -2.17001 0.524991 -2.35454 0.0247344 0.208038 -0.581565 0.222015 0.543081 0.51539 0.61815 42.2189
168.786 -0.170758 0.631481 2.06273 -2.31877 -0.0978545 -2.88119 -0.154399 0.872611 1.5526 -2.82765 -0.70775 3.13779 0.0163593 0.24113 -0.510131 -0.50888 -0.609895 6.01898 0.564486 51.1257
168.975 -0.175665 0.615571 2.06532 -2.28673 -0.129955 -2.8867 -0.155817 0.845139 1.5465 -2.80755 -0.733056 3.13374 0.0198482 0.229568 -0.518822 -0.520823 -0.603101 6.02045 0.56769 51.519
169.352 -0.170158 0.577266 2.07375 -2.21851 -0.206745 -2.90009 -0.166065 0.867566 1.6932 -2.85499 -0.638147 -3.03057 0.004093 0.2903 -0.380544 -0.636477 -0.431402 -0.130485 0.478649 46.8905
169.542 -0.161735 0.561456 2.07788 -2.1922 -0.239932 -2.90658 -0.157845 0.836802 1.68425 -2.8504 -0.702864 -3.04852 0.00388999 0.275345 -0.393633 -0.658198 -0.462932 -0.141942 0.480393 49.4379
169.731 -0.15295 0.546864 2.08176 -2.16733 -0.272175 -2.91399 -0.158581 0.864185 1.79261 -2.34458 0.312526 -2.456 -0.00563138 0.317321 -0.289144 -0.177257 0.5847 0.457993 0.429335 43.5938
169.941 -0.144005 0.530771 2.08586 -2.13617 -0.311696 -2.92477 -0.181627 1.00178 2.13235 -2.71455 -0.107542 -2.77293 -0.0376217 0.471007 0.046495 -0.578382 0.204154 0.151845 0.474789 34.4149
170.168 -0.137131 0.520578 2.08856 -2.1152 -0.339824 -2.93346 -0.158367 0.89118 1.93574 -2.77292 -0.4847 -2.91248 -0.0212357 0.370602 -0.152822 -0.657717 -0.144876 0.0209803 0.401436 38.0996
170.529 -0.121887 0.504409 2.09321 -2.07486 -0.39896 -2.95537 -0.152057 0.913102 2.04544 -2.70182 -0.415145 -2.85773 -0.0301704 0.408692 -0.0477691 -0.626967 -0.0161846 0.0976338 0.412579 34.0965
170.754 -0.116957 0.499962 2.09465 -2.06204 -0.420879 -2.96508 -0.141574 0.873766 1.98096 -2.7003 0.375952 -2.5137 -0.0246169 0.373804 -0.113694 -0.638263 0.796831 0.451377 0.391486 62.5857
170.971 -0.111702 0.497789 2.09566 -2.05191 -0.4411 -2.97461 -0.143928 0.917803 2.08794 -2.88908 0.185124 -2.62398 -0.0322262 0.420013 -0.00771432 -0.837171 0.626225 0.350635 0.421319 60.2422
171.36 -0.106203 0.502466 2.0954 -2.03791 -0.480393 -2.99656 -0.137025 0.921498 2.08166 -2.80186 0.325019 -2.52726 -0.0308221 0.419033 -0.0137321 -0.763953 0.805412 0.469302 0.420389 66.3444
171.748 -0.0957627 0.50928 2.09544 -2.0422 -0.511906 -3.0127 -0.126182 0.934927 2.08276 -2.80664 0.319268 -2.52897 -0.0304192 0.425647 -0.0126761 -0.764444 0.831174 0.483735 0.426921 67.2369
171.953 -0.0885071 0.514752 2.09554 -2.05318 -0.531366 -3.02247 -0.114705 0.903454 1.99532 -2.81614 0.451616 -2.49076 -0.0261983 0.388701 -0.100221 -0.762962 0.982982 0.531712 0.402268 74.9901
172.148 -0.081002 0.51816 2.09611 -2.0662 -0.546076 -3.02923 -0.10515 0.88957 1.94808 -2.73029 0.439821 -2.4562 -0.0241477 0.37141 -0.148026 -0.664085 0.985897 0.573024 0.40055 73.0176
172.319 -0.0745416 0.522171 2.0966 -2.08233 -0.559719 -3.03593 -0.103187 0.927558 2.01497 -2.48915 -0.637389 -3.04328 -0.0286457 0.405387 -0.081631 -0.406818 -0.0776701 -0.00734601 0.414515 23.9598
173.338 -0.0586892 0.538026 2.10345 -2.23127 -0.619762 -3.07336 -0.0683771 0.731284 1.54631 -2.74497 0.688041 -2.41839 -0.00968796 0.193257 -0.557138 -0.513704 1.3078 0.654963 0.589784 87.2134
173.801 -0.0664985 0.551892 2.10367 -2.29411 -0.63162 -3.09213 -0.0751527 0.76537 1.57467 -2.54263 0.70267 -2.31917 -0.00865415 0.213479 -0.528996 -0.248526 1.33429 0.772958 0.570513 87.8287
174.013 -0.0832149 0.56399 2.10251 -2.33626 -0.633328 -3.10533 -0.0817272 0.749734 1.5184 -2.45671 0.723243 -2.29156 0.00148768 0.185744 -0.584108 -0.120451 1.35657 0.813778 0.612932 89.0882
174.252 -0.0939909 0.571112 2.10226 -2.36963 -0.634779 -3.11443 -0.0909364 0.763952 1.52802 -2.41182 0.730299 -2.26636 0.00305452 0.192841 -0.574247 -0.0421884 1.36508 0.848062 0.60577 90.0691
174.46 -0.104868 0.577261 2.10221 -2.40366 -0.635481 -3.12306 -0.0987732 0.759024 1.50235 -2.40036 -0.915113 2.81288 0.00609507 0.181763 -0.599867 0.003293 -0.279632 5.93594 0.626829 25.3913
174.647 -0.119044 0.584172 2.10239 -2.44938 -0.63509 -3.13383 -0.104641 0.749693 1.46772 -2.32518 0.761544 -2.20919 0.0144031 0.165521 -0.634668 0.124198 1.39663 0.924634 0.656055 93.3797
174.826 -0.126009 0.587944 2.10308 -2.48386 -0.635293 3.14153 -0.108954 0.741436 1.44538 -2.42632 -0.922398 2.7811 0.0170553 0.153492 -0.657699 0.0575421 -0.287105 -0.360429 0.675588 24.6756
175.016 -0.13002 0.590023 2.10448 -2.51868 -0.635458 3.13425 -0.112553 0.748892 1.4511 -2.43275 -0.933059 2.7654 0.0174672 0.158869 -0.653377 0.0859274 -0.297601 -0.368851 0.672641 24.7078
175.192 -0.131964 0.590052 2.10662 -2.55402 -0.635441 3.12717 -0.110128 0.73113 1.42286 -2.30372 0.803081 -2.25915 0.0218359 0.141077 -0.683761 0.250294 1.43852 -5.38631 0.698505 94.7589
175.569 -0.126423 0.581087 2.11518 -2.63962 -0.635337 3.11218 -0.104424 0.699466 1.38453 -2.49092 -0.942358 2.75599 0.0219989 0.118378 -0.730651 0.1487 -0.307021 -0.356192 0.740506 23.3794
176.137 -0.127627 0.562592 2.12786 -2.76219 -0.621731 3.09297 -0.101571 0.659881 1.35825 -2.24876 0.880792 -2.28436 0.0260567 0.0972897 -0.769614 0.51343 1.50252 -5.37733 0.776176 98.9235
177.013 -0.148589 0.539414 2.14171 -2.91507 -0.58126 3.08253 -0.115873 0.625668 1.34816 -2.55117 -0.924744 2.68245 0.0327157 0.0862542 -0.793552 0.363895 -0.343484 -0.400078 0.798896 26.0416
177.228 -0.156379 0.53291 2.14544 -2.95933 -0.565011 3.08647 -0.118976 0.615013 1.34313 -2.59289 -0.926529 2.68891 0.0374032 0.0821031 -0.802318 0.366435 -0.361518 -0.397558 0.807374 26.8825
177.402 -0.143544 0.522678 2.15145 -2.9942 -0.560041 3.09205 -0.109722 0.599931 1.33737 -2.62545 -0.923145 2.70686 0.0338219 0.077253 -0.81408 0.368746 -0.363104 -0.385196 0.818437 26.8277
177.59 -0.116236 0.510183 2.15908 -3.02955 -0.560335 3.09819 -0.0906648 0.580964 1.33198 -2.62431 -0.939875 2.7059 0.025571 0.0707807 -0.827098 0.40524 -0.37954 -0.392287 0.830515 28.0224
177.788 -0.0705171 0.494457 2.1688 -3.07574 -0.563124 3.10501 -0.0689626 0.585761 1.38727 -2.68295 -0.941744 2.73314 0.00155449 0.091304 -0.781522 0.392791 -0.37862 -0.371872 0.786839 27.518
177.955 -0.0370346 0.484281 2.17484 -3.1095 -0.564023 3.10833 -0.0447879 0.557288 1.35225 -2.61758 -0.957165 2.67486 -0.00775328 0.0730075 -0.822589 0.491922 -0.393142 -0.433469 0.825858 30.3784
178.132 -0.00813683 0.475365 2.17985 3.14057 -0.562776 3.10984 -0.0236216 0.555456 1.37652 -2.26591 0.86564 -2.44656 -0.0154848 0.0800908 -0.803335 -5.40648 1.42842 -5.5564 0.807466 97.0565
178.483 0.0383647 0.460353 2.18852 3.06668 -0.553472 3.10609 0.00317553 0.545942 1.40388 -2.70386 -0.963136 2.71235 -0.0351891 0.0855889 -0.784645 -5.77055 -0.409664 -0.393741 0.790083 31.3053
180.74 0.122156 0.414013 2.21899 2.66677 -0.663416 3.11686 0.0674108 0.573694 1.65281 -3.08138 -0.978434 2.91151 -0.054745 0.159681 -0.566186 -5.74815 -0.315018 -0.20535 0.590814 29.3847
187.257 -0.0211133 0.30422 2.26018 2.44651 0.0932306 -3.01106 -0.0478483 0.509689 2.01343 -3.02888 -0.557476 -3.11519 -0.026735 0.205469 -0.24675 -5.47539 -0.650706 -0.104127 0.322207 57.9527
188.119 -0.0656964 0.306408 2.25009 2.55495 0.354057 -3.09053 -0.0760653 0.444503 1.73456 -2.97146 0.851675 -2.84594 -0.0103689 0.138095 -0.515528 -5.52641 0.497618 0.244587 0.533804 46.302
188.773 -0.184649 0.427934 2.1955 2.67196 0.583165 -3.11589 -0.164146 0.598051 1.64576 -2.96203 0.960635 -2.84141 0.0205026 0.170117 -0.54974 -5.63399 0.377469 0.274477 0.575824 35.4125
189.184 -0.194234 0.47445 2.14992 2.74214 0.741707 -3.12195 -0.16488 0.633167 1.55698 -2.1682 -0.709649 2.51157 0.0293543 0.158717 -0.592939 -4.91034 -1.45136 5.63352 0.614516 113.933
189.552 -0.186662 0.506677 2.10982 2.83455 0.925668 -3.09561 -0.153943 0.66169 1.48496 -2.80613 1.159 -2.6822 0.0327189 0.155013 -0.624856 -5.64068 0.233332 0.413414 0.644628 23.9194
