68.0314 0.0166392 0.776607 1.8073 3.13147 -0.00374783 3.11735 -0.0109539 1.08894 1.38814 -2.27764 0.605072 -2.61414 -0.0275931 0.312337 -0.419159 -5.40911 0.60882 -5.73149 0.52346 60.0476
68.2543 0.0224871 0.772237 1.82354 3.13214 -0.00597031 3.11727 -0.00726094 1.07183 1.3827 -2.32786 0.609 -2.61582 -0.0297481 0.299595 -0.440831 -5.46 0.61497 -5.73309 0.533829 58.3971
68.5265 0.0265848 0.768249 1.83683 3.13213 -0.0075514 3.11711 -0.00367792 1.04526 1.36779 -2.22682 0.588815 -2.57655 -0.0302627 0.277009 -0.469043 -5.35895 0.596366 -5.69367 0.545575 62.2977
68.7595 0.0287206 0.763556 1.85128 3.13163 -0.00818067 3.11689 -0.00238598 1.03137 1.36888 -2.27864 0.64773 -2.58024 -0.0311065 0.267814 -0.482406 -5.41027 0.65591 -5.69712 0.552637 61.4191
68.9969 0.0285377 0.756762 1.87206 3.1305 -0.00760686 3.11649 -0.00335478 1.01576 1.37298 -2.34413 -0.618175 2.55468 -0.0318925 0.258994 -0.499074 -5.47463 -0.610569 -0.56182 0.563178 57.6558
69.2055 0.027294 0.751282 1.88886 3.12931 -0.00675979 3.11617 -0.00337113 0.986761 1.35949 -2.27613 -0.572499 2.5556 -0.0306652 0.235478 -0.529374 -5.40545 -0.565739 -0.560569 0.580196 59.3363
69.4906 0.0259766 0.745979 1.90674 3.12811 -0.0059973 3.11581 -0.00487717 1.00052 1.40008 -2.31675 0.647945 -2.61702 -0.0308537 0.254539 -0.50666 -5.44486 0.653943 -5.73283 0.567844 59.6886
69.7354 0.0250178 0.740948 1.92577 3.12693 -0.00552681 3.11542 -0.00483731 0.97839 1.3933 -2.32441 0.655247 -2.61842 -0.0298551 0.237442 -0.532466 -5.45134 0.660773 -5.73384 0.583772 59.589
69.9854 0.0238601 0.735283 1.95304 3.12567 -0.00508902 3.11486 -0.00703208 0.963006 1.39846 -2.36979 -0.65069 2.55695 -0.0308922 0.227723 -0.55458 -5.49545 -0.645601 -0.557914 0.600309 57.6931
70.2128 0.0224487 0.732396 1.97457 3.12522 -0.00455799 3.1144 -0.00595637 0.93184 1.37565 -2.31148 0.699429 -2.58093 -0.0284051 0.199444 -0.59892 -5.4367 0.703987 -5.69532 0.631894 61.4412
70.4664 0.0212442 0.732652 1.99622 3.12909 -0.00354469 3.11285 -0.00873655 0.960719 1.4315 -2.28917 0.676732 -2.53858 -0.0299808 0.228067 -0.564714 -5.41826 0.680277 -5.65143 0.609767 62.1321
70.6992 0.0204177 0.736035 2.02768 3.13391 -0.000732417 3.09957 -0.00910698 0.993075 1.49354 -2.36569 0.653377 -2.66062 -0.0295246 0.25704 -0.534141 -5.49959 0.65411 -5.76019 0.593505 57.4051
70.9288 0.0170065 0.738116 2.05312 3.12257 -0.0016398 3.08388 -0.0116218 0.983048 1.49567 -2.38634 0.71824 -2.67536 -0.0286284 0.244932 -0.557453 -5.50892 0.71988 -5.75925 0.609561 58.7624
71.1511 0.0153961 0.739911 2.07778 3.11915 0.0019951 3.07081 -0.0115692 0.967435 1.48603 -2.38394 0.723861 -2.67224 -0.0269653 0.227524 -0.591757 -5.50309 0.721866 -5.74306 0.634563 59.0947
71.3791 0.0301716 0.725046 2.10914 3.11408 -0.00143806 3.05295 -0.00348466 0.948947 1.50296 -2.37335 -0.652251 2.52169 -0.0336562 0.223901 -0.606187 -5.48743 -0.650813 -0.531265 0.647091 57.7856
73.8076 0.0418581 0.499837 2.18292 3.0182 0.0330521 2.97307 0.0056938 0.639168 1.50958 -2.43298 -0.662505 2.53162 -0.0361643 0.13933 -0.67334 -5.45118 -0.695557 -0.441443 0.688554 59.8971
74.0654 0.0386626 0.485115 2.18548 3.02065 0.0515204 2.97411 0.00424687 0.607542 1.48029 -2.63326 0.88071 -2.87434 -0.0344158 0.122427 -0.705189 -5.65391 0.829189 -5.84845 0.716564 56.7487
74.7429 0.022242 0.485156 2.18305 3.06121 0.132426 2.99159 -0.00568278 0.576372 1.40401 -2.75818 0.900139 -2.93272 -0.0279248 0.0912154 -0.779045 -5.81939 0.767713 -5.92431 0.784864 49.4935
75.0313 0.0253898 0.481745 2.18279 3.07702 0.157724 3.001 -0.00445739 0.571665 1.40312 -2.74169 0.935248 -2.91055 -0.0298471 0.0899197 -0.779677 -5.81871 0.777523 -5.91154 0.785412 49.7761
75.2785 0.0254317 0.471773 2.18296 3.09007 0.186294 3.01188 -0.00441714 0.556639 1.39811 -2.81418 0.904642 -2.94453 -0.0298488 0.0848655 -0.784849 -5.90425 0.718348 -5.95641 0.789988 45.2379
75.9685 0.0166555 0.458085 2.17888 -3.13198 0.3036 3.06314 -0.0106409 0.54772 1.40324 -2.69646 0.928149 -2.84565 -0.0272964 0.0896352 -0.775638 0.435517 0.624549 -5.90879 0.781277 41.1682
76.1924 0.0132724 0.473486 2.17457 -3.09123 0.35595 3.09282 -0.0113521 0.538674 1.34252 -2.68055 0.950599 -2.79454 -0.0246245 0.0651879 -0.832056 0.410682 0.594649 -5.88736 0.834969 39.1745
76.4573 0.0118843 0.484845 2.17156 -3.05801 0.395938 3.11741 -0.0133462 0.587995 1.42165 -2.58335 0.927491 -2.71885 -0.0252305 0.103151 -0.749915 0.474656 0.531553 -5.83626 0.757397 37.6392
76.6792 0.00867824 0.489022 2.16796 -3.02819 0.437976 -3.14132 -0.0151183 0.568555 1.35919 -2.54366 0.948664 -2.67617 -0.0237965 0.0795334 -0.808776 0.484526 0.510688 0.465144 0.813025 36.6208
77.6457 0.00231227 0.50192 2.15587 -2.90074 0.616647 -3.02503 -0.0188839 0.591511 1.36839 -2.4145 0.967496 -2.52082 -0.0211961 0.0895907 -0.787483 0.486238 0.350849 0.504213 0.792846 28.9628
77.8782 -0.00380632 0.521217 2.15026 -2.85074 0.671373 -2.98227 -0.0225768 0.61542 1.37442 -2.3612 0.959572 -2.50622 -0.0187704 0.0942024 -0.775842 0.489539 0.288199 0.476044 0.781765 25.8484
78.1219 -0.00972154 0.527786 2.14725 -2.81923 0.712484 -2.95429 -0.0275532 0.627826 1.3828 -2.35354 0.981457 -2.45893 -0.0178317 0.10004 -0.764449 0.465692 0.268973 0.495355 0.771173 24.5227
78.3766 -0.0117326 0.526557 2.14691 -2.79424 0.751111 -2.93103 -0.0275173 0.623959 1.37915 -2.28107 0.948731 -2.40029 -0.0157847 0.097402 -0.767763 0.513176 0.19762 0.530745 0.774078 23.6094
78.64 -0.00630948 0.520161 2.14749 -2.76793 0.798473 -2.90569 -0.0227716 0.587248 1.31581 -2.29626 1.01892 -2.38917 -0.0164621 0.0670866 -0.831679 0.471671 0.220451 0.516513 0.834542 22.1153
79.8887 -0.00190153 0.534058 2.14505 -2.68089 0.981123 -2.83898 -0.0216148 0.637685 1.38994 -2.16213 1.1153 -2.28406 -0.0197133 0.103627 -0.755104 0.518761 0.134181 0.554922 0.762437 17.4946
83.7998 0.0313734 0.606006 2.13897 -3.05958 1.00054 2.98277 0.0053656 0.301705 0.562738 -1.35141 0.120796 -2.41046 -0.0260078 -0.304301 -1.57623 1.70817 -0.879741 -5.39323 1.60555 89.6817
84.3256 0.0159077 0.609483 2.13879 -3.08721 0.935369 2.96831 -0.01475 1.03962 1.97004 -3.10438 1.0287 -3.13807 -0.0306577 0.430135 -0.168754 -0.017167 0.093331 -6.10638 0.46307 12.1939
84.6068 0.00112304 0.611229 2.1385 -3.10076 0.889101 2.96848 -0.000134062 0.122855 0.22532 2.29982 -0.79523 -2.91582 -0.0012571 -0.488375 -1.91318 5.40058 -1.68433 -5.8843 1.97453 108.231
85.0618 -0.0227364 0.608302 2.13994 -3.11921 0.815742 2.97926 -0.0387399 0.733024 1.40584 -2.07857 -0.658169 2.15469 -0.0160035 0.124722 -0.734099 1.04064 -1.47391 -0.824572 0.74479 110.081
85.3476 -0.0345997 0.603099 2.1421 -3.13043 0.764134 2.99296 -0.0421318 0.698771 1.35365 -2.70795 1.12136 -2.84278 -0.0075321 0.0956729 -0.78845 0.422476 0.357226 -5.83574 0.794269 25.2205
85.5642 -0.0426053 0.598751 2.14385 -3.13826 0.725372 3.00642 -0.0486694 0.701149 1.36978 -2.10689 -0.638646 2.22544 -0.00606414 0.102398 -0.774068 1.03138 -1.36402 -0.780976 0.780835 103.896
85.7984 -0.0512946 0.59508 2.14527 3.13767 0.687395 3.0225 -0.0541044 0.689063 1.35548 -2.65884 1.08532 -2.78167 -0.00280982 0.0939829 -0.789794 -5.7965 0.397927 -5.80417 0.795371 28.8296
86.029 -0.0644609 0.591328 2.14668 3.12862 0.638557 3.04738 -0.0620735 0.696345 1.37395 -2.56158 1.06472 -2.70033 0.00238746 0.105017 -0.772732 -5.6902 0.426165 -5.7477 0.779839 32.689
86.2594 -0.0752183 0.589364 2.14739 3.12245 0.603603 3.06826 -0.0695141 0.695014 1.37953 -2.63693 1.04091 -2.74256 0.00570419 0.10565 -0.767852 -5.75938 0.437311 -5.81082 0.775107 32.0612
86.7316 -0.0944827 0.586533 2.14843 3.11188 0.537763 3.11383 -0.0875737 0.73163 1.45722 -2.51126 0.948192 -2.66942 0.00690895 0.145097 -0.691216 -5.62314 0.41043 -5.78326 0.706314 35.7869
87.7505 -0.121524 0.586967 2.14892 3.09768 0.408065 -3.05934 -0.102411 0.702001 1.40196 -2.34753 -0.730778 2.56111 0.0191126 0.115034 -0.746963 -5.44521 -1.13884 5.62045 0.75601 83.0318
87.9473 -0.12155 0.589514 2.14838 3.09804 0.3847 -3.03777 -0.100075 0.704951 1.39964 -2.47156 0.887948 -2.53053 0.0214745 0.115437 -0.748741 -5.5696 0.503248 0.507233 0.757892 42.9552
88.1922 -0.119298 0.592915 2.14763 3.09976 0.363083 -3.01785 -0.104026 0.745816 1.47201 -2.39496 0.826596 -2.51826 0.0152727 0.152901 -0.675617 -5.49472 0.463513 0.499595 0.692871 44.9861
88.9403 -0.094993 0.598384 2.1473 3.10898 0.304589 -2.96984 -0.0871583 0.750943 1.46876 -2.36998 0.782121 -2.4753 0.00783474 0.15256 -0.678543 -5.47896 0.477532 0.494536 0.695526 47.1727
90.1586 -0.00596433 0.595329 2.14899 3.13668 0.252298 -2.97206 -0.0276728 0.714276 1.40498 -2.45545 -0.846612 2.67776 -0.0217084 0.118947 -0.744006 -5.59214 -1.09891 5.64982 0.753767 74.9933
91.0797 0.0756116 0.598097 2.14521 -3.11288 0.248489 -3.04851 0.0295883 0.717364 1.40291 -2.49981 0.761928 -2.59652 -0.0460233 0.119267 -0.742302 0.613072 0.513439 0.451989 0.75323 42.6862
91.3119 0.0920261 0.598386 2.14414 -3.10453 0.252326 -3.07402 0.0426364 0.755632 1.47344 -2.49767 0.726564 -2.63755 -0.0493897 0.157245 -0.670695 0.606854 0.474238 0.43647 0.69065 41.2108
91.5576 0.10678 0.598998 2.14292 -3.09591 0.258095 -3.10174 0.053066 0.759176 1.47575 -2.51738 0.780547 -2.66348 -0.0537141 0.160178 -0.667173 0.578527 0.522451 0.438269 0.688231 41.6827
91.88 0.123736 0.599209 2.14148 -3.08464 0.268376 -3.14153 0.0601458 0.719893 1.39924 -2.56745 0.830047 -2.68696 -0.0635898 0.120684 -0.742242 0.517191 0.561671 0.454564 0.754673 41.5217
92.1162 0.133888 0.598729 2.14066 -3.07653 0.277737 3.11032 0.0678569 0.723678 1.40657 -2.56805 0.79316 -2.72913 -0.0660309 0.124949 -0.734085 0.508475 0.515423 -5.83945 0.747565 39.4951
92.4216 0.14116 0.598036 2.13999 -3.06854 0.288375 3.07832 0.0725641 0.718959 1.40151 -2.5916 0.84568 -2.76134 -0.0685956 0.120923 -0.73848 0.476941 0.557305 -5.83966 0.751453 40.1488
92.6875 0.147308 0.597627 2.13903 -3.05758 0.303623 3.03574 0.0757917 0.716495 1.39247 -2.63724 0.865505 -2.82486 -0.0715168 0.118867 -0.746568 0.420343 0.561882 -5.8606 0.759347 38.9109
92.9246 0.149539 0.597977 2.13814 -3.04885 0.315499 3.00477 0.0799538 0.743438 1.44485 -2.72486 0.858534 -2.93486 -0.069585 0.145461 -0.693294 0.32399 0.543035 -5.93963 0.711799 35.6374
93.1587 0.1497 0.5986 2.13717 -3.03962 0.327576 2.97532 0.0750578 0.697649 1.35593 -2.76312 0.906812 -2.95105 -0.0746418 0.0990492 -0.781246 0.276498 0.579235 -5.92637 0.79103 37.0096
93.3798 0.146453 0.599402 2.13592 -3.02652 0.343737 2.93954 0.0766931 0.738107 1.43013 -2.75252 0.911337 -2.97582 -0.0697601 0.138705 -0.705792 0.274001 0.5676 -5.91535 0.722667 36.5254
93.6386 0.140873 0.599602 2.13511 -3.01605 0.35593 2.91598 0.0690555 0.698038 1.35238 -2.76628 0.952343 -3.00057 -0.0718179 0.0984368 -0.782722 0.249769 0.596413 -5.91655 0.79215 37.7079
93.8783 0.132663 0.600132 2.13416 -3.00452 0.367989 2.89606 0.0642417 0.697178 1.35076 -2.76137 0.956187 -2.99693 -0.0684215 0.0970459 -0.783402 0.243146 0.588198 -5.89299 0.792349 37.6777
94.337 0.105804 0.607309 2.1296 -2.96992 0.394093 2.8674 0.04697 0.717166 1.37151 -2.15293 -0.577231 2.21942 -0.0588345 0.109857 -0.758093 0.816991 -0.971324 -0.647984 0.768268 77.307
94.5713 0.0935216 0.61266 2.12662 -2.95146 0.402875 2.86374 0.0413315 0.750652 1.41619 -2.72992 0.944751 -3.01845 -0.0521901 0.137992 -0.710429 0.221535 0.541876 -5.88218 0.725586 35.5854
94.8099 0.0815917 0.618648 2.12328 -2.93126 0.409566 2.86544 0.0316943 0.764988 1.42638 -2.72389 0.946315 -3.01317 -0.0498973 0.14634 -0.696904 0.207368 0.536749 -5.87861 0.713849 35.4564
95.2958 0.0518911 0.634823 2.11431 -2.87909 0.417816 2.8901 0.0131111 0.793517 1.43791 -2.71762 0.915987 -3.01976 -0.03878 0.158695 -0.676403 0.161465 0.498171 -5.90987 0.695851 33.145
95.5658 0.0387594 0.64239 2.11007 -2.8552 0.417751 2.90927 0.00235107 0.732499 1.31176 -2.20733 -0.577189 2.2109 -0.0364084 0.0901098 -0.798308 0.647879 -0.99494 -0.698363 0.804202 75.3512
95.8651 0.021085 0.653236 2.10405 -2.82273 0.414201 2.94213 -0.00554811 0.787338 1.38386 -2.67506 0.949214 -2.94208 -0.0266331 0.134103 -0.720185 0.147668 0.535013 -5.88421 0.733048 35.6702
96.1475 0.00756989 0.662155 2.09923 -2.79835 0.409163 2.97169 -0.01631 0.777041 1.34296 -2.24611 -0.570439 2.28272 -0.0238799 0.114886 -0.756272 0.552247 -0.979602 -0.688971 0.765321 72.4821
96.3912 -0.00583952 0.670852 2.09452 -2.7749 0.402037 3.00468 -0.0254873 0.790263 1.3451 -2.53161 0.957204 -2.79066 -0.0196478 0.119411 -0.749425 0.243289 0.555168 -5.79534 0.759133 38.2612
96.6324 -0.018784 0.678473 2.09026 -2.75325 0.392799 3.04033 -0.0354433 0.812562 1.36499 -2.43661 0.933664 -2.71928 -0.0166593 0.134089 -0.725272 0.316649 0.540866 -5.75961 0.737751 38.4257
97.0918 -0.0476777 0.690284 2.0828 -2.71281 0.364385 3.13011 -0.0534073 0.808898 1.33402 -2.30837 -0.641753 2.40692 -0.00572961 0.118614 -0.748787 0.404438 -1.00614 -0.723191 0.758145 71.3031
97.3272 -0.0615878 0.692668 2.08062 -2.70033 0.350821 -3.11322 -0.0630057 0.818069 1.33942 -2.2817 0.846133 -2.52913 -0.0014179 0.125401 -0.741205 0.41863 0.495312 0.584097 0.75174 39.2612
97.5638 -0.0896961 0.6938 2.07799 -2.68775 0.335385 -3.05986 -0.0760852 0.784647 1.28462 -2.34105 -0.713615 2.46513 0.0136109 0.0908465 -0.793364 0.346701 -1.049 5.52498 0.798664 72.9599
98.2627 -0.235577 0.69007 2.06468 -2.66588 0.324197 -2.91154 -0.174122 0.819201 1.34109 -2.50827 -0.7326 2.68091 0.0614543 0.129131 -0.7236 0.157606 -1.0568 5.59244 0.737596 70.726
98.4806 -0.282216 0.689404 2.05831 -2.65986 0.321535 -2.8601 -0.209431 0.840173 1.36931 -2.09602 0.692132 -2.30533 0.0727857 0.15077 -0.688999 0.563833 0.370596 0.55477 0.709048 38.1915
98.74 -0.320195 0.688688 2.0526 -2.65502 0.315901 -2.8061 -0.237873 0.83703 1.36085 -2.05459 0.664319 -2.26065 0.0823221 0.148341 -0.691757 0.600436 0.348418 0.545448 0.712256 38.6914
98.9671 -0.349787 0.687588 2.04814 -2.65175 0.30845 -2.75082 -0.252198 0.817642 1.3296 -1.99119 0.615529 -2.16166 0.0975891 0.130054 -0.718537 0.660557 0.307079 0.58916 0.736704 41.0482
99.2631 -0.378366 0.685108 2.04433 -2.6507 0.297233 -2.67547 -0.260532 0.788963 1.28877 -2.67437 -0.807055 2.96432 0.117834 0.103855 -0.755563 -0.0236732 -1.10429 5.63979 0.771716 72.4458
99.482 -0.401342 0.683336 2.04095 -2.65001 0.292885 -2.61843 -0.2836 0.80672 1.31758 -2.75345 -0.792192 3.06903 0.117742 0.123383 -0.723367 -0.103434 -1.08508 5.68745 0.7432 71.0532
99.7164 -0.424689 0.679933 2.03787 -2.65048 0.292021 -2.56157 0 0 0 0 -0 0 0.424689 -0.679933 -2.03787 2.65048 -0.292021 2.56157 2.18989 156.457
99.9521 -0.447423 0.671685 2.03671 -2.65609 0.294623 -2.48884 -0.357199 0.916067 1.51272 -2.09772 0.428308 -2.17473 0.0902232 0.244382 -0.523995 0.558366 0.133685 0.314106 0.585178 31.4506
100.199 -0.454093 0.663501 2.0389 -2.66561 0.298967 -2.43853 -0.421784 1.05627 1.77031 -2.509 0.160969 -2.42949 0.0323088 0.392764 -0.268595 0.156604 -0.137998 0.00903413 0.476918 11.8763
100.445 -0.45523 0.656017 2.04217 -2.67822 0.3069 -2.392 -0.445171 1.10086 1.86718 -2.40222 -0.278796 -2.70261 0.010059 0.44484 -0.174988 0.275999 -0.585696 -0.310608 0.478126 41.02
100.661 -0.461689 0.651827 2.04351 -2.69448 0.326197 -2.33547 -0.440573 1.07109 1.82644 -2.3054 -0.114942 -2.50738 0.0211161 0.419262 -0.21706 0.389087 -0.441139 -0.17191 0.47259 35.6178
100.908 -0.46383 0.650052 2.04499 -2.71002 0.345753 -2.29888 -0.361021 0.863709 1.48515 -2.82832 -0.756488 -2.89149 0.102809 0.213657 -0.559839 -0.118302 -1.10224 -0.592609 0.607979 71.834
101.136 -0.463419 0.648619 2.04729 -2.72936 0.369668 -2.26875 -0.378699 0.904907 1.5591 -2.11546 0.282638 -2.063 0.0847199 0.256288 -0.488188 0.6139 -0.0870307 0.205748 0.557843 33.622
101.392 -0.460374 0.647305 2.05048 -2.75305 0.397674 -2.24604 -0.0955496 0.228556 0.392375 -1.42955 0.214876 -1.5728 0.364825 -0.418749 -1.6581 1.3235 -0.182797 0.673235 1.74865 73.2168
102.103 -0.444949 0.654922 2.06038 -2.85926 0.508775 -2.22925 -0.0506751 0.126542 0.215386 -1.40775 0.229415 -1.50313 0.394274 -0.52838 -1.84499 1.4515 -0.27936 0.726114 1.95925 77.9416
102.585 -0.467355 0.671033 2.05753 -2.94343 0.592051 -2.26204 -0.394479 0.963045 1.61283 -2.61595 -0.812187 -2.99626 0.0728757 0.292011 -0.4447 0.327485 -1.40424 -0.734218 0.536973 89.6116
103.737 -0.537036 0.630647 2.06899 3.10539 0.724438 -2.43754 -0.480158 0.961482 1.73346 -2.37619 0.619097 -2.18409 0.0568787 0.330834 -0.335537 -5.48158 -0.105341 0.253455 0.474628 38.9496
104.014 -0.545346 0.598648 2.07936 3.05214 0.736346 -2.48497 -0.476517 0.903136 1.70953 -2.42206 0.706657 -2.18548 0.0688292 0.304489 -0.369829 -5.4742 -0.0296891 0.299487 0.483967 37.2263
106.549 -0.740484 0.24693 2.08261 -2.97285 0.757252 -2.24565 -0.51611 0.311137 1.38228 -1.92298 0.732436 -1.79888 0.224374 0.0642072 -0.700338 1.04987 -0.0248161 0.446773 0.7382 46.4257
106.792 -0.752936 0.21356 2.07923 -2.90816 0.755184 -2.1787 -0.601254 0.304986 1.58125 -2.15415 0.675619 -1.94279 0.151681 0.0914262 -0.497976 0.754007 -0.0795648 0.235912 0.528532 36.022
107.069 -0.76436 0.168914 2.07579 -2.81945 0.75093 -2.08625 -0.590746 0.247107 1.53212 3.07311 -0.490488 -2.43136 0.173614 0.0781928 -0.543673 5.89256 -1.24142 -0.34511 0.576052 75.54
107.832 -0.803421 0.0740489 2.05713 -2.57575 0.737405 -1.83338 -0.504203 0.0974607 1.23424 -1.71013 0.694914 -1.51607 0.299219 0.0234118 -0.822891 0.865615 -0.0424908 0.31731 0.875916 40.0008
108.079 -0.810015 0.0467929 2.0527 -2.50583 0.733698 -1.75894 -0.45996 0.060099 1.1127 -1.58216 0.656456 -1.42493 0.350055 0.0133062 -0.939992 0.923673 -0.0772419 0.334005 1.00314 43.2673
108.323 -0.815182 0.0195045 2.04877 -2.43809 0.73143 -1.68609 -0.551462 0.0387548 1.32631 -1.79621 0.600255 -1.55482 0.263721 0.0192503 -0.722456 0.641876 -0.131175 0.131273 0.769325 33.472
108.55 -0.809708 -0.00649414 2.04898 -2.3783 0.730849 -1.61874 -0.114999 0.000669389 0.277774 -1.17262 0.635938 -1.03856 0.69471 0.00716353 -1.7712 1.20567 -0.0949114 0.580174 1.90259 54.0449
108.8 -0.791972 -0.0402404 2.05354 -2.30829 0.735505 -1.53764 -0.538132 -0.0289682 1.33281 2.63016 -0.440481 -1.93683 0.25384 0.0112722 -0.720733 4.93845 -1.17599 -0.399183 0.76421 97.9809
109.037 -0.773439 -0.0605034 2.05902 -2.26174 0.742167 -1.48329 -0.539456 -0.0538105 1.37527 -1.7362 0.59477 -1.43495 0.233984 0.00669295 -0.683756 0.525537 -0.147397 0.0483455 0.722714 29.6718
109.733 -0.728366 -0.0815026 2.07132 -2.11955 0.775601 -1.32314 -0.517355 -0.0789409 1.40651 -1.72692 0.648574 -1.35018 0.211011 0.00256165 -0.664816 0.392627 -0.127027 -0.0270415 0.697504 24.6234
110.266 -0.680454 -0.0690658 2.08712 -2.05767 0.816771 -1.25324 -0.489652 -0.0645059 1.42545 -1.69266 0.671459 -1.30046 0.190802 0.00455989 -0.661677 0.365008 -0.145312 -0.047214 0.688653 24.2875
110.532 -0.670645 -0.0570145 2.0907 -2.03303 0.835603 -1.2292 -0.5566 -0.058581 1.6494 -1.81316 0.711105 -1.36768 0.114045 -0.00156649 -0.441297 0.219872 -0.124499 -0.138475 0.455798 20.294
110.794 -0.666407 -0.0433715 2.09257 -2.01011 0.855208 -1.2083 -0.501575 -0.0303268 1.49927 -1.74564 0.720307 -1.31858 0.164833 0.0130447 -0.593302 0.264465 -0.1349 -0.110282 0.615912 21.5539
111.039 -0.660335 -0.0286031 2.09512 -1.9937 0.8766 -1.19424 -0.486223 -0.0113809 1.46821 -1.70045 0.784638 -1.26737 0.174112 0.0172221 -0.626908 0.293253 -0.0919618 -0.0731326 0.650865 20.7693
111.513 -0.651932 0.00886964 2.09944 -1.97495 0.928348 -1.18362 -0.495016 0.0329264 1.51454 -1.68407 0.793142 -1.25903 0.156916 0.0240568 -0.584903 0.290882 -0.135207 -0.0754062 0.606064 21.5691
113.695 -0.551564 0.167023 2.13275 -2.31771 1.06002 -1.6076 -0.395201 0.218415 1.43525 -1.72343 0.905228 -1.37414 0.156363 0.0513928 -0.697506 0.594279 -0.154795 0.233461 0.716662 25.5753
113.945 -0.533684 0.182767 2.1365 -2.36857 1.0525 -1.67111 -0.498669 0.317048 1.87908 -2.08836 0.885778 -1.66331 0.0350153 0.13428 -0.257418 0.280205 -0.166725 0.00779304 0.29244 18.3513
114.655 -0.468007 0.230681 2.14709 -2.49266 1.00521 -1.85125 -0.337648 0.294706 1.44274 2.96021 -1.03951 -2.48926 0.130359 0.0640247 -0.704354 5.45286 -2.04471 -0.63801 0.719171 126.406
114.895 -0.457275 0.244982 2.14704 -2.50546 0.987356 -1.88796 -0.354041 0.343016 1.55303 -1.97289 0.81338 -1.67974 0.103234 0.0980338 -0.594012 0.532568 -0.173976 0.208218 0.610834 24.4458
115.654 -0.446944 0.299561 2.13708 -2.47305 0.934507 -1.94955 -0.28666 0.338305 1.2752 -1.79629 0.789494 -1.60903 0.160284 0.0387439 -0.861882 0.67676 -0.145013 0.340523 0.877515 28.1815
116.121 -0.43178 0.339721 2.12904 -2.41443 0.904759 -1.9693 -0.296769 0.402338 1.3537 3.08877 -1.10235 -2.7156 0.135011 0.0626169 -0.775347 5.5032 -2.00711 -0.746302 0.789501 126.629
120.834 -0.468105 0.712576 1.97809 -1.67123 0.872878 -2.28276 -0.356745 0.924973 1.40147 -1.38548 0.671026 -1.92498 0.11136 0.212398 -0.576618 0.285741 -0.201852 0.357777 0.624501 18.6876
121.437 -0.492994 0.699071 1.96712 -1.68571 0.784809 -2.41459 -0.447955 1.08324 1.66599 -2.9561 -0.692557 2.85048 0.0450391 0.384165 -0.301139 -1.27039 -1.47737 5.26507 0.490199 115.58
121.66 -0.498368 0.691993 1.96572 -1.69199 0.755427 -2.45024 -0.535817 1.26837 1.9737 -2.79342 -0.527209 2.83272 -0.0374485 0.576377 0.00798047 -1.10143 -1.28264 5.28296 0.577647 102.227
122.107 -0.506416 0.671989 1.96565 -1.71239 0.684975 -2.52932 -0.40983 0.933898 1.48844 -1.48228 0.655884 -2.11061 0.096586 0.261909 -0.477214 0.230105 -0.0290915 0.418717 0.552864 18.9073
122.995 -0.482769 0.655386 1.97401 -1.78783 0.559612 -2.65596 -0.365326 0.849469 1.39485 -1.49349 0.615753 -2.17864 0.117443 0.194083 -0.579165 0.294339 0.0561408 0.477327 0.622008 22.9609
123.211 -0.47546 0.65672 1.97535 -1.81392 0.533039 -2.68214 -0.398528 0.942779 1.54485 -1.6319 0.561574 -2.28959 0.076932 0.28606 -0.430505 0.182017 0.0285356 0.392542 0.522574 19.2897
123.424 -0.470226 0.660607 1.97547 -1.85289 0.497905 -2.71506 -0.481072 1.15708 1.88975 -2.10162 0.479457 -2.62673 -0.010847 0.496476 -0.0857255 -0.248727 -0.0184477 0.0883293 0.503939 17.2462
123.649 -0.4645 0.665707 1.97556 -1.8853 0.46868 -2.73778 -0.348775 0.856004 1.38115 3.02905 -0.641116 3.12459 0.115725 0.190297 -0.594416 4.91435 -1.1098 5.86237 0.634772 101.51
123.852 -0.456127 0.672465 1.97605 -1.91959 0.435858 -2.75846 -0.0335367 0.0854169 0.135733 -1.07209 0.369194 -1.9003 0.42259 -0.587048 -1.84032 0.847498 -0.0666639 0.858165 1.97737 52.8614
124.075 -0.446735 0.684267 1.97566 -1.96512 0.388539 -2.78137 -0.041599 0.109033 0.170675 -1.08151 0.362946 -1.91305 0.405136 -0.575234 -1.80498 0.883607 -0.0255926 0.868312 1.93726 55.2383
124.568 -0.432921 0.705885 1.97411 -2.03144 0.310092 -2.80521 -0.0331805 0.0926783 0.13979 2.5667 -0.932656 -2.89973 0.39974 -0.613207 -1.83432 4.59814 -1.24275 -0.0945178 1.97498 116.02
125.014 -0.414475 0.736275 1.97063 -2.10213 0.210577 -2.82013 -0.33461 1.00532 1.47139 -1.93034 0.56926 -2.30846 0.0798647 0.269049 -0.499238 0.171798 0.358682 0.511674 0.572717 33.8535
125.225 -0.410241 0.750252 1.96778 -2.12919 0.169286 -2.82257 -0.365545 1.12897 1.61578 -2.02612 0.460816 -2.40465 0.0446962 0.378721 -0.351995 0.10306 0.291529 0.417914 0.518968 28.187
125.719 -0.416347 0.778968 1.9588 -2.18459 0.0818768 -2.82121 -0.327725 1.03415 1.42336 -1.88333 0.461481 -2.24248 0.0886217 0.255178 -0.535435 0.301261 0.379605 0.578727 0.599716 39.2037
125.935 -0.419395 0.791202 1.95477 -2.20477 0.0460331 -2.818 -0.336677 1.06995 1.44588 -2.76689 -0.60451 3.10167 0.082718 0.278752 -0.508886 -0.562118 -0.650543 5.91967 0.586098 56.3356
126.196 -0.41935 0.802321 1.95179 -2.22354 0.0102016 -2.814 -0.366337 1.18655 1.5768 -2.67828 -0.499896 3.14079 0.0530133 0.384231 -0.374987 -0.454741 -0.510098 5.95479 0.539499 45.8152
126.431 -0.413834 0.816316 1.94919 -2.24599 -0.0370278 -2.80804 -0.348559 1.15465 1.5115 -2.0334 0.419183 -2.27039 0.0652756 0.338331 -0.437695 0.212585 0.456211 0.537643 0.557051 40.1771
126.664 -0.412734 0.826275 1.94646 -2.25961 -0.0686078 -2.80346 -0.336837 1.13388 1.46493 -2.63556 -0.625513 3.08987 0.0758974 0.307608 -0.481534 -0.375947 -0.556906 5.89333 0.576418 47.7739
130.2 -0.422148 0.824509 1.94495 -2.2588 -0.0766408 -2.77556 -0.338884 1.11042 1.44047 -2.65425 -0.639032 3.08523 0.0832638 0.28591 -0.504485 -0.395455 -0.562391 5.86079 0.585818 49.9069
130.461 -0.426193 0.808677 1.95001 -2.25458 -0.0402113 -2.77032 -0.395183 1.27549 1.68086 -2.54305 -0.399216 -2.97378 0.0310099 0.466815 -0.26915 -0.288472 -0.359005 -0.203458 0.53974 30.188
130.702 -0.431722 0.797714 1.9528 -2.25044 -0.010321 -2.76412 -0.00176874 0.00509042 0.00669883 2.66894 -1.12938 -2.8252 0.429953 -0.792623 -1.9461 4.91938 -1.11906 -0.0610826 2.14486 99.3248
130.961 -0.442357 0.787548 1.95381 -2.24461 0.0220475 -2.75623 -0.366572 1.10248 1.49838 -1.96314 0.384621 -2.25025 0.0757854 0.314931 -0.455431 0.281477 0.362573 0.505974 0.558876 36.398
131.217 -0.453873 0.77398 1.95571 -2.2367 0.0645855 -2.74239 -0.0208618 0.0606539 0.0833463 -1.18072 0.220097 -1.71551 0.433011 -0.713326 -1.87236 1.05598 0.155512 1.02688 2.0499 76.5084
131.454 -0.462911 0.764819 1.95653 -2.22951 0.0966453 -2.7291 -0.351876 0.987254 1.38251 -1.87569 0.487685 -2.16352 0.111035 0.222435 -0.574023 0.353817 0.39104 0.565579 0.625546 39.415
131.702 -0.473147 0.755165 1.95706 -2.22132 0.128509 -2.71391 -0.0303825 0.0824614 0.116391 -1.15807 0.246967 -1.75098 0.442765 -0.672704 -1.84066 1.06325 0.118459 0.96293 2.00913 72.4962
131.92 -0.486774 0.746594 1.95611 -2.21085 0.160794 -2.69593 -0.497459 1.30066 1.86109 -2.07856 0.0564534 -2.64266 -0.0106847 0.554069 -0.0950286 0.13229 -0.104341 0.0532703 0.562261 9.86988
132.184 -0.503139 0.733266 1.95593 -2.19609 0.201056 -2.66899 -0.0405202 0.101316 0.146016 2.6237 -1.01101 -2.78211 0.462618 -0.631951 -1.80991 4.81979 -1.21207 -0.113124 1.9721 106.878
132.42 -0.507059 0.722405 1.95852 -2.18584 0.226304 -2.64718 -0.342953 0.832851 1.23427 -2.99839 -0.731409 -3.09011 0.164106 0.110446 -0.72425 -0.812545 -0.957712 -0.442926 0.750778 78.6297
132.647 -0.515072 0.712947 1.95946 -2.17254 0.250586 -2.62363 0 0 0 0 -0 0 0.515072 -0.712947 -1.95946 2.17254 -0.250586 2.62363 2.14781 153.965
132.922 -0.528096 0.700817 1.96007 -2.15184 0.279652 -2.58948 -0.475419 1.0916 1.66294 -2.16659 0.375804 -2.39361 0.0526766 0.390783 -0.297131 -0.014751 0.0961523 0.19587 0.493734 12.7679
133.169 -0.531911 0.692272 1.96214 -2.13623 0.295529 -2.56308 -0.457529 1.02755 1.58889 -2.01354 0.364142 -2.31566 0.074382 0.335281 -0.373244 0.122687 0.0686123 0.247425 0.507205 14.1757
133.386 -0.533168 0.685199 1.96438 -2.11976 0.307281 -2.53607 -0.346882 0.763146 1.19625 -1.6287 0.484661 -1.99123 0.186286 0.0779465 -0.768126 0.491058 0.17738 0.544842 0.794226 34.2009
133.634 -0.531279 0.677681 1.96747 -2.09685 0.316971 -2.49996 -0.448374 0.985038 1.56004 -1.94225 0.409173 -2.22621 0.0829051 0.307357 -0.407435 0.154609 0.0922015 0.273743 0.517054 15.9059
134.109 -0.537222 0.670524 1.96732 -2.05662 0.325535 -2.44387 -0.413987 0.887834 1.42418 -3.0359 -0.685125 -2.97265 0.123235 0.217309 -0.543143 -0.979276 -1.01066 -0.528788 0.597842 87.3296
134.34 -0.53632 0.66619 1.9683 -2.03793 0.325306 -2.417 -0.35757 0.763141 1.22954 3.04715 -0.783864 -2.86867 0.17875 0.096951 -0.73876 5.08508 -1.10917 -0.451663 0.766236 98.0751
134.609 -0.530784 0.661183 1.97027 -2.01466 0.320762 -2.3832 -0.29441 0.628289 1.02219 2.9419 -0.869708 -2.84278 0.236374 -0.0328942 -0.948077 4.95656 -1.19047 -0.459573 0.977653 106.649
134.866 -0.520885 0.660146 1.97227 -1.99885 0.313893 -2.35929 -0.319649 0.695758 1.13188 -1.52641 0.314839 -1.92172 0.201236 0.0356125 -0.840399 0.472446 0.000945871 0.437577 0.86489 30.5124
135.123 -0.515956 0.662038 1.97171 -1.98112 0.306713 -2.33612 -0.381998 0.843412 1.36601 3.01838 -0.730592 -2.80636 0.133958 0.181375 -0.605696 4.99951 -1.0373 -0.470247 0.646304 99.3418
135.621 -0.499827 0.670999 1.96996 -1.94462 0.285987 -2.28882 -0.340404 0.7844 1.25438 2.9463 -0.818074 -2.75447 0.159423 0.113401 -0.715576 4.89092 -1.10406 -0.465643 0.741838 106.714
136.158 -0.486103 0.693801 1.96218 -1.91056 0.263378 -2.25127 -0.380039 0.926427 1.43273 -1.6844 0.277927 -2.0029 0.106063 0.232626 -0.52945 0.226166 0.0145487 0.248373 0.587947 16.4837
136.484 -0.481349 0.702872 1.95901 -1.89884 0.255708 -2.23864 -0.242142 0.601417 0.915954 -1.44129 0.268446 -1.78689 0.239207 -0.101455 -1.04305 0.45755 0.0127383 0.451745 1.07493 31.5462
136.985 -0.479812 0.722238 1.95059 -1.8779 0.245537 -2.21853 -0.345399 0.891363 1.31238 -1.59209 0.171711 -1.95646 0.134413 0.169125 -0.638209 0.28581 -0.0738258 0.262068 0.673781 20.1977
137.74 -0.452423 0.748987 1.94593 -1.87481 0.23784 -2.21118 -0.259501 0.731096 1.03767 -1.46395 0.218589 -1.81703 0.192922 -0.0178908 -0.90826 0.410856 -0.0192507 0.394143 0.928695 28.5997
138.278 -0.373503 0.759934 1.95926 -1.91502 0.232953 -2.2397 -0.280804 0.964566 1.36025 2.93711 -0.855629 -2.74596 0.0926982 0.204632 -0.599016 4.85213 -1.08858 -0.506255 0.639756 109.831
138.544 -0.317923 0.766182 1.96743 -1.94337 0.227354 -2.26549 -0.106885 0.430798 0.604857 2.76901 -1.13453 -2.77851 0.211037 -0.335385 -1.36258 4.71238 -1.36188 -0.513022 1.41903 126.151
139.137 -0.190961 0.792105 1.97588 -2.00813 0.210708 -2.35627 -0.202076 1.34052 1.83661 -2.54914 -0.16609 -2.65477 -0.0111147 0.548414 -0.139275 -0.541009 -0.376797 -0.298502 0.565932 40.9097
139.383 -0.145914 0.806099 1.97525 -2.03153 0.202551 -2.40737 -0.113062 0.959409 1.28551 -1.71981 0.275178 -2.03784 0.0328516 0.15331 -0.689741 0.31172 0.0726268 0.369534 0.707337 24.5324
139.647 -0.108281 0.819045 1.97348 -2.05193 0.193715 -2.46528 -0.101133 1.14405 1.50467 -1.84728 0.280905 -2.15742 0.0071476 0.325 -0.468805 0.204655 0.0871901 0.307864 0.570486 19.3651
139.923 -0.0636253 0.836407 1.97022 -2.07503 0.179397 -2.5512 -0.0572924 0.901565 1.16223 -3.06573 -1.0129 3.10051 0.00633292 0.0651584 -0.807989 -0.990706 -1.1923 5.65171 0.810636 101.56
141.142 0.0501482 0.853289 1.96895 -2.12381 0.0733496 -2.96394 0.0162666 1.27447 1.61359 -2.52908 -0.614173 2.76593 -0.0338816 0.421182 -0.35536 -0.405276 -0.687522 5.72986 0.552108 58.5048
141.372 0.0659932 0.847609 1.97107 -2.1224 0.0313177 -3.07454 0.0279818 1.22437 1.55846 -2.11458 0.423141 -2.58892 -0.0380114 0.376764 -0.412608 0.00782254 0.391823 0.485616 0.560037 35.5349
141.595 0.0764678 0.842765 1.97285 -2.11737 -0.00328106 3.12554 0.0387382 1.28545 1.64866 -2.36817 0.452933 -2.73561 -0.0377296 0.442685 -0.324192 -0.250799 0.456214 -5.86114 0.549995 40.175
142.048 0.0809531 0.828583 1.97819 -2.09855 -0.0764691 2.96139 0.0411936 1.24821 1.63396 -2.53129 0.590649 -2.83106 -0.0397595 0.419629 -0.344232 -0.432741 0.667118 -5.79245 0.54421 56.243
142.335 0.0745712 0.816768 1.98279 -2.08143 -0.127494 2.85481 0.0155764 0.415891 0.544518 2.57025 -0.615503 3.13715 -0.0589948 -0.400877 -1.43827 4.65169 -0.48801 0.282341 1.49426 91.8495
142.561 0.0661391 0.807437 1.98634 -2.06673 -0.166707 2.77704 0.0323938 1.25399 1.67092 2.75518 0.0461609 3.0784 -0.0337453 0.446557 -0.315419 4.82191 0.212868 0.301355 0.54776 84.8469
142.785 0.0569433 0.797972 1.98976 -2.05084 -0.206504 2.70142 0.0150182 0.976812 1.33903 -1.92404 -0.405014 2.23437 -0.0419252 0.17884 -0.650737 0.126803 -0.19851 -0.467051 0.676166 27.8856
143.003 0.0420821 0.786438 1.99372 -2.02756 -0.259517 2.60425 0.00905303 1.13005 1.56621 -1.79614 -0.289272 2.2899 -0.033029 0.343615 -0.427508 0.231419 -0.0297549 -0.31435 0.549477 19.2952
143.218 0.0313937 0.779364 1.99586 -2.00849 -0.298649 2.53425 0.000932117 1.15601 1.61598 3.09701 0.881963 3.13904 -0.0304616 0.376648 -0.379874 5.1055 1.18061 0.604798 0.535813 104.539
148.634 0.100048 0.64795 2.04635 -2.05196 -0.304915 2.29943 0.0447138 0.757579 1.30605 2.90498 1.09956 2.81823 -0.0553339 0.109629 -0.740303 4.95693 1.40447 0.518798 0.750419 117.283
149.435 0.132868 0.637745 2.04854 -2.06859 -0.156143 2.47779 0.0389652 0.377267 0.653482 2.34406 -0.105699 2.79501 -0.0939033 -0.260478 -1.39506 4.41265 0.0504444 0.317221 1.42227 105.893
149.633 0.136866 0.636547 2.04754 -2.06835 -0.110403 2.53868 0.0794586 0.874163 1.52917 2.92504 0.820473 2.80484 -0.0574073 0.237616 -0.518365 4.9934 0.930876 0.266154 0.573113 94.2952
149.85 0.133665 0.642562 2.043 -2.05667 -0.0543207 2.60022 0.066815 0.954551 1.60737 -1.87653 -0.155513 2.28569 -0.0668501 0.311989 -0.435634 0.180135 -0.101193 -0.314533 0.539984 20.6082
