104.446 -0.147469 0.68139 2.10478 3.00339 0.328037 2.49307 -0.121556 0.83458 1.40755 -2.17113 -0.13395 2.12126 0.025913 0.153189 -0.69723 -5.17452 -0.461988 -0.371813 0.714331 72.976
104.667 -0.147149 0.694598 2.10037 3.04087 0.353365 2.58916 -0.124169 0.873836 1.43792 -2.2031 -0.237854 2.19886 0.0229795 0.179238 -0.662447 -5.24397 -0.591219 -0.390296 0.686652 71.9947
105.148 -0.148826 0.721557 2.09082 -3.1327 0.397876 2.86619 -0.12229 0.8801 1.39486 -2.21467 -0.429113 2.3147 0.0265366 0.158543 -0.69596 0.918036 -0.826989 -0.551487 0.714284 75.2909
105.399 -0.152469 0.730586 2.08672 -3.07894 0.407658 3.00225 -0.126362 0.897234 1.39966 -2.22132 -0.463226 2.38696 0.0261069 0.166648 -0.687065 0.857624 -0.870884 -0.615297 0.707469 75.7458
105.649 -0.159212 0.736102 2.08298 -3.02443 0.410954 -3.13942 -0.129598 0.894329 1.38173 -2.29684 -0.582834 2.47302 0.0296143 0.158228 -0.701253 0.727592 -0.993788 5.61244 0.719492 76.4073
105.903 -0.173249 0.736317 2.079 -2.95463 0.40606 -2.94961 -0.137642 0.90167 1.39305 -2.21915 0.760017 -2.38065 0.0356066 0.165353 -0.685942 0.735477 0.353957 0.568959 0.706489 40.8273
106.141 -0.186756 0.72954 2.07738 -2.90739 0.396864 -2.81174 -0.146325 0.883119 1.37761 -2.18221 0.701754 -2.28976 0.0404307 0.153579 -0.699769 0.725176 0.30489 0.521979 0.717564 39.6855
106.419 -0.199469 0.717301 2.07721 -2.8662 0.383763 -2.68176 -0.157618 0.87528 1.39232 -2.13932 0.590654 -2.19322 0.0418512 0.157979 -0.684889 0.726884 0.20689 0.488541 0.704118 39.1054
106.641 -0.20857 0.694211 2.0796 -2.82315 0.361745 -2.52609 -0.162214 0.856529 1.40051 -2.12159 0.515378 -2.13167 0.0463559 0.162319 -0.67909 0.701556 0.153633 0.394414 0.699757 37.5543
107.151 -0.19509 0.651084 2.08882 -2.78747 0.326654 -2.34021 -0.153695 0.804854 1.41482 -3.00416 -0.955906 -2.84845 0.0413953 0.15377 -0.674007 -0.216694 -1.28256 -0.508233 0.692563 80.6057
107.818 -0.10752 0.592737 2.10726 -2.7906 0.287255 -2.16922 -0.087937 0.702133 1.36264 2.86155 -1.00738 -2.40738 0.0195825 0.109396 -0.744619 5.65215 -1.29464 -0.238156 0.752867 84.5429
108.07 -0.0748902 0.584372 2.11056 -2.80094 0.282623 -2.1517 -0.0668797 0.712081 1.40281 -2.14118 0.208023 -1.91174 0.00801056 0.127709 -0.707755 0.659764 -0.0746004 0.23996 0.71923 37.1014
108.803 0.017931 0.590113 2.11233 -2.85169 0.289741 -2.19993 -0.00563642 0.724153 1.40722 -2.17416 0.217033 -1.95803 -0.0235674 0.13404 -0.705109 0.677529 -0.0727077 0.241905 0.718123 37.9331
109.306 0.064802 0.616504 2.10977 -2.90686 0.308483 -2.33099 0.0246599 0.78194 1.45575 -2.22819 0.306236 -2.06258 -0.0401421 0.165436 -0.654021 0.678674 -0.00224771 0.268407 0.675814 37.1274
109.518 0.0817393 0.631275 2.10879 -2.93748 0.317225 -2.41211 0.0367472 0.787236 1.43046 -2.26105 0.388123 -2.11478 -0.0449921 0.155961 -0.678322 0.676431 0.0708983 0.297326 0.697473 36.634
109.76 0.104365 0.653935 2.10746 -2.98543 0.326129 -2.54286 0.0494926 0.815734 1.43758 -2.32426 0.464021 -2.18908 -0.0548722 0.161798 -0.669888 0.661178 0.137892 0.353781 0.691331 36.0714
110.296 0.142172 0.687853 2.1064 -3.07207 0.32699 -2.78356 0.0795631 0.874835 1.45986 -2.3954 0.597375 -2.3908 -0.0626089 0.186982 -0.646534 0.676669 0.270385 0.392764 0.675935 37.9664
110.547 0.163964 0.70023 2.10703 -3.12054 0.318781 -2.92021 0.0956134 0.884591 1.45168 -2.48976 0.660533 -2.52209 -0.0683511 0.184362 -0.655348 0.630777 0.341752 0.398122 0.684209 37.4109
110.789 0.193786 0.707726 2.10995 3.0963 0.297046 -3.11276 0.112378 0.893623 1.45538 -2.58315 0.744743 -2.67372 -0.0814083 0.185896 -0.654575 -5.67945 0.447698 0.439039 0.685312 39.614
111.011 0.213311 0.704438 2.11429 3.04745 0.273055 3.02271 0.126393 0.892081 1.46612 -2.08486 -0.628627 2.33156 -0.0869184 0.187644 -0.648168 -5.13232 -0.901682 -0.691149 0.680358 84.01
115.619 -0.37501 0.583913 2.14726 2.43477 0.436413 2.86022 -0.347002 0.907538 1.81188 2.82916 0.872818 2.91648 0.0280077 0.323624 -0.335387 0.394389 0.436405 0.0562575 0.466907 32.3793
117.806 -0.380882 0.338145 2.16224 3.04447 0.786688 -1.38249 -0.360627 0.555123 1.90033 2.66016 0.38884 -1.49303 0.0202549 0.216978 -0.261908 -0.384308 -0.397848 -0.110537 0.340714 29.6919
118.427 -0.171619 0.353718 2.18534 2.85591 0.847684 -1.29454 -0.159545 0.531204 1.74144 -2.2148 -1.20421 -1.59823 0.0120741 0.177486 -0.443906 -5.07071 -2.0519 -0.303692 0.478225 128.263
122.984 -0.594905 0.183776 2.17692 2.55803 -0.00640551 -2.88019 -0.455654 0.254782 1.5765 2.8297 -0.550893 -2.87844 0.139251 0.0710059 -0.600419 0.27167 -0.544488 0.00174813 0.620432 34.7906
123.231 -0.572694 0.142758 2.1802 2.64379 0.021259 -2.94549 -0.420694 0.191521 1.51253 2.97045 -0.59508 -2.9745 0.152 0.0487627 -0.667668 0.326661 -0.616339 -0.0290077 0.686485 39.6351
123.444 -0.558572 0.10004 2.17797 2.75358 0.0885599 -3.0166 -0.396039 0.141115 1.45503 -2.55341 1.06426 -2.65666 0.162533 0.0410748 -0.722943 -5.30699 0.975702 0.359934 0.742126 71.1528
123.827 -0.562687 0.0743984 2.16501 2.90624 0.241795 -3.0823 -0.375027 0.101091 1.35653 -3.11667 -0.658 -3.13264 0.187661 0.0266923 -0.808482 -6.02291 -0.899795 -0.0503418 0.830405 53.426
124.426 -0.557965 0.0859196 2.1487 3.11284 0.560336 -3.09152 -0.347562 0.10863 1.26113 -2.79906 1.25852 -2.78763 0.210403 0.02271 -0.887576 -5.9119 0.698188 0.303893 0.912457 41.5618
124.656 -0.559941 0.0999257 2.14329 -3.116 0.666701 -3.07147 -0.360424 0.128455 1.2934 -2.99158 -0.736407 3.05207 0.199517 0.0285295 -0.849884 0.124423 -1.40311 6.12353 0.873455 81.0526
124.881 -0.564018 0.1217 2.13692 -3.04461 0.811158 -3.0289 -0.354139 0.144256 1.26471 -2.57741 1.30397 -2.60554 0.209879 0.022556 -0.872208 0.467203 0.492811 0.423365 0.897388 30.5096
125.113 -0.566746 0.139241 2.13311 -2.98952 0.918716 -2.98335 -0.365162 0.173216 1.29778 -2.3839 1.30297 -2.40916 0.201584 0.0339754 -0.835323 0.605629 0.384253 0.574198 0.859974 26.0576
125.574 -0.563764 0.180039 2.12871 -2.83901 1.16077 -2.81378 -0.358368 0.208464 1.27322 -1.92399 1.3714 -1.94065 0.205396 0.0284241 -0.855486 0.915017 0.210631 0.87313 0.880257 18.7295
139.857 -0.330282 0.79919 2.06278 2.77426 0.759366 -2.98277 -0.304648 1.22002 1.72473 -2.75842 0.910892 -2.58252 0.0256342 0.420834 -0.338056 -5.53268 0.151525 0.400256 0.540407 31.1644
140.115 -0.344282 0.78978 2.0569 2.91836 0.771475 -2.96654 -0.293413 1.10332 1.57948 -2.03303 -0.511072 2.49307 0.0508698 0.313543 -0.477421 -4.95138 -1.28255 5.45962 0.573435 113.901
140.328 -0.362839 0.772933 2.04864 3.11815 0.789296 -2.93689 -0.287208 1.0237 1.48682 -2.38861 0.986097 -2.39972 0.0756303 0.25077 -0.561826 -5.50676 0.1968 0.537175 0.619882 29.9683
140.539 -0.377727 0.758185 2.04185 -3.00964 0.804113 -2.90732 -0.277094 0.929957 1.37256 -2.19117 0.97918 -2.26561 0.100633 0.171773 -0.669292 0.818467 0.175067 0.641716 0.698272 30.4428
141.109 -0.408998 0.709149 2.02049 -2.47059 0.840403 -2.7655 -0.294517 0.863408 1.34213 -1.85926 0.948526 -2.12242 0.114481 0.154258 -0.678363 0.61133 0.108123 0.643081 0.705038 24.2903
141.532 -0.411735 0.690862 2.00941 -2.14789 0.83973 -2.66031 -0.307285 0.871269 1.38603 -1.7142 0.892127 -2.0913 0.10445 0.180407 -0.623373 0.43369 0.0523972 0.569009 0.657306 21.16
141.757 -0.41061 0.684054 2.00281 -1.94501 0.828959 -2.59246 -0.329436 0.925701 1.47976 -1.65518 0.828662 -2.12033 0.0811742 0.241647 -0.523049 0.289832 -0.000296714 0.472129 0.581861 18.5184
141.945 -0.407801 0.681756 1.99853 -1.80397 0.816251 -2.54622 -0.326149 0.921679 1.47326 -1.50937 0.789622 -2.07686 0.0816519 0.239923 -0.525271 0.294608 -0.0266292 0.46936 0.583215 18.8343
147.267 -0.523019 0.783184 1.90552 -1.57734 0.445492 -2.25492 -0.414252 1.06415 1.41776 -1.39125 0.317324 -1.99247 0.108767 0.280965 -0.487761 0.186092 -0.128167 0.262446 0.573308 16.5305
147.509 -0.540147 0.789834 1.89876 -1.62051 0.428985 -2.24216 -0.410303 1.02752 1.35183 2.99997 -0.797271 -2.98011 0.129844 0.237682 -0.546934 4.62048 -1.22626 -0.737948 0.610319 124.547
147.724 -0.557734 0.795258 1.89251 -1.6603 0.414115 -2.22863 -0.430013 1.05077 1.36568 3.02245 -0.781995 -2.97072 0.127721 0.255512 -0.526827 4.68275 -1.19611 -0.742093 0.599288 121.464
147.907 -0.569731 0.799846 1.88835 -1.69964 0.398966 -2.21598 -0.422753 1.01849 1.31369 -1.45282 0.269469 -1.95237 0.146978 0.218643 -0.574663 0.246815 -0.129497 0.26361 0.632175 18.4742
165.112 -0.572982 0.809759 1.86718 -1.86341 0.598326 -2.9578 -0.545197 1.32717 1.6721 -2.94201 -0.194074 2.84905 0.0277851 0.517415 -0.195077 -1.07859 -0.792401 5.80685 0.553666 74.9582
165.755 -0.498081 0.806461 1.89722 -1.76807 0.626081 -2.85632 -0.46671 1.28773 1.65724 -1.66053 0.705945 -2.46967 0.0313711 0.481266 -0.239981 0.107547 0.0798641 0.38665 0.538695 19.5033
165.977 -0.4764 0.807265 1.90523 -1.75039 0.629444 -2.82596 -0.448236 1.29377 1.67247 -3.02875 -0.378081 2.8295 0.0281641 0.486502 -0.232756 -1.27836 -1.00752 5.65547 0.540049 92.4813
166.984 -0.378531 0.807097 1.93932 -1.76143 0.612342 -2.68271 -0.33205 1.19478 1.57153 -2.95885 -0.622493 2.77471 0.0464811 0.387682 -0.367786 -1.19742 -1.23483 5.45742 0.536399 103.979
167.442 -0.346324 0.802677 1.95222 -1.81837 0.585761 -2.63038 -0.299837 1.15115 1.53306 -2.90957 -0.668912 2.80646 0.0464871 0.348468 -0.41916 -1.09121 -1.25467 5.43685 0.547071 103.053
167.706 -0.331886 0.799618 1.9591 -1.86165 0.563549 -2.6021 -0.285997 1.13686 1.52352 -2.93408 -0.697234 2.85927 0.0458888 0.337243 -0.435581 -1.07243 -1.26078 5.46137 0.552783 102.931
167.867 -0.323192 0.797502 1.96377 -1.89791 0.543302 -2.5808 -0.27477 1.12285 1.51325 -1.68174 0.557268 -2.19921 0.048422 0.325349 -0.450511 0.216166 0.0139661 0.381591 0.557814 18.6408
168.365 -0.303637 0.791309 1.97409 -1.98085 0.493034 -2.53777 -0.241078 1.04095 1.42387 -1.70293 0.497936 -2.14734 0.0625594 0.249641 -0.550215 0.277919 0.00490277 0.39043 0.60743 20.3183
168.677 -0.285358 0.785225 1.98225 -2.04332 0.452931 -2.50886 -0.225759 1.01541 1.40238 -1.74521 0.491926 -2.11935 0.0595993 0.230188 -0.579867 0.298119 0.0389949 0.389509 0.626725 21.091
168.904 -0.271022 0.779635 1.9885 -2.09248 0.42077 -2.48723 -0.211337 0.988704 1.38033 -1.75875 0.454617 -2.10834 0.0596845 0.209069 -0.608171 0.333737 0.033847 0.378895 0.645867 22.0251
169.142 -0.265512 0.776097 1.99232 -2.13895 0.389809 -2.46378 -0.205983 0.977143 1.37313 -1.8153 0.417712 -2.08495 0.0595295 0.201046 -0.619194 0.323649 0.027903 0.378835 0.653732 22.3102
170.556 -0.196401 0.770302 2.01496 -2.45297 0.18126 -2.3477 -0.150392 0.925157 1.32321 -1.94901 0.257898 -2.01884 0.0460088 0.154855 -0.691756 0.50396 0.0766386 0.328858 0.710369 31.0359
171.008 -0.184637 0.782919 2.01613 -2.54266 0.134129 -2.34335 -0.144427 0.948829 1.33771 -1.99009 0.221286 -2.00968 0.04021 0.16591 -0.678419 0.552571 0.0871565 0.333668 0.699568 34.1878
171.182 -0.177263 0.790248 2.01622 -2.57799 0.118718 -2.35154 -0.139489 0.959227 1.34065 -1.9792 0.209221 -2.02801 0.0377742 0.168979 -0.675571 0.598787 0.0905024 0.323528 0.697407 36.4522
172.055 -0.166433 0.826139 2.01411 -2.69578 0.0989048 -2.46612 -0.132778 1.00396 1.34059 -2.80604 -0.952456 -3.07281 0.0336556 0.177825 -0.673518 -0.110264 -1.05136 -0.606684 0.69741 70.3447
172.281 -0.17144 0.834921 2.01307 -2.71394 0.105165 -2.50988 -0.141214 1.04225 1.3746 -2.06081 0.268744 -2.13293 0.0302259 0.207334 -0.638466 0.65313 0.163579 0.376943 0.671967 40.4181
172.473 -0.194193 0.844058 2.01085 -2.73148 0.123149 -2.57593 -0.155995 1.0666 1.39385 -2.05061 0.326612 -2.16077 0.0381973 0.222541 -0.617 0.680878 0.203463 0.415169 0.657018 42.2017
172.7 -0.211074 0.846974 2.01067 -2.74428 0.139953 -2.63002 -0.165421 1.04975 1.36632 -2.05623 0.384805 -2.16841 0.0456534 0.202776 -0.644348 0.688053 0.244852 0.46161 0.677043 43.2567
172.913 -0.222655 0.845752 2.01237 -2.7582 0.156692 -2.68786 -0.177438 1.06232 1.38547 -2.06449 0.404992 -2.21874 0.0452169 0.216571 -0.6269 0.693708 0.248301 0.469127 0.664795 43.2699
173.153 -0.242359 0.841968 2.01388 -2.77366 0.181985 -2.76757 -0.184941 1.03691 1.36064 -2.06776 0.494868 -2.25976 0.0574179 0.19494 -0.653238 0.705892 0.312883 0.507807 0.684119 44.3582
173.366 -0.254132 0.835312 2.01611 -2.78494 0.20002 -2.82832 -0.191491 1.01806 1.34828 -2.08415 0.570723 -2.27038 0.0626412 0.182752 -0.667833 0.700789 0.370703 0.557939 0.695215 45.2649
173.753 -0.269988 0.813824 2.02309 -2.80418 0.231176 -2.94683 -0.208725 1.00756 1.3781 -2.48794 -0.61899 2.74116 0.0612628 0.193732 -0.644993 0.316236 -0.850167 5.68799 0.676241 59.3166
173.959 -0.286912 0.791993 2.02838 -2.81299 0.252163 -3.02032 -0.218022 0.977676 1.37222 -2.4299 -0.587012 2.64675 0.0688901 0.185683 -0.656165 0.38309 -0.839175 5.66707 0.685402 60.4699
174.151 -0.301123 0.771632 2.03299 -2.81755 0.266442 -3.0709 -0.224005 0.939812 1.35754 -2.4247 -0.568778 2.61093 0.0771183 0.16818 -0.675452 0.392849 -0.83522 5.68182 0.700334 60.242
174.359 -0.312381 0.750899 2.0378 -2.81958 0.278298 -3.11505 -0.229983 0.896776 1.3405 -2.41317 -0.538983 2.5927 0.0823977 0.145877 -0.697301 0.406409 -0.817281 5.70775 0.717146 59.2502
174.548 -0.329578 0.72089 2.0439 -2.81776 0.291337 3.11826 -0.239289 0.874114 1.35223 -2.25554 0.886572 -2.51599 0.0902895 0.153224 -0.691676 0.562222 0.595235 -5.63425 0.714175 46.2315
174.738 -0.34108 0.698636 2.04815 -2.81279 0.29869 3.08994 -0.243495 0.828844 1.33014 -2.29765 0.942284 -2.55836 0.0975849 0.130208 -0.718006 0.51514 0.643594 -5.6483 0.736213 46.7959
174.949 -0.352369 0.676041 2.05222 -2.80468 0.303773 3.06903 -0.243165 0.770693 1.28306 -2.43241 -0.532543 2.51628 0.109203 0.0946526 -0.769158 0.372273 -0.836316 -0.552747 0.782616 59.1438
175.339 -0.374015 0.627263 2.06047 -2.77318 0.307234 3.05275 -0.260906 0.735407 1.31608 -2.46819 -0.524809 2.5475 0.113109 0.108144 -0.744383 0.304986 -0.832043 -0.505245 0.760654 56.832
175.563 -0.380522 0.607906 2.06394 -2.75473 0.304462 3.05919 -0.270072 0.722129 1.33874 -2.51185 -0.532067 2.58308 0.11045 0.114223 -0.725201 0.242873 -0.83653 -0.476104 0.742403 55.5635
175.738 -0.382592 0.591409 2.06733 -2.73356 0.29903 3.07453 -0.263724 0.682282 1.30433 -2.51872 -0.582845 2.58635 0.118869 0.0908732 -0.763 0.214834 -0.881875 -0.488175 0.777532 57.6368
176.767 -0.373752 0.541444 2.07783 -2.5821 0.234881 -2.99123 -0.265172 0.645847 1.34643 -2.73994 -0.691931 2.87658 0.10858 0.104403 -0.731391 -0.157846 -0.926812 5.86781 0.746741 59.3368
177.663 -0.34584 0.512461 2.08776 -2.48518 0.165587 -2.73579 -0.252601 0.629873 1.38983 -2.17819 0.580551 -2.29164 0.0932394 0.117412 -0.697934 0.306993 0.414963 0.444156 0.713857 34.2857
177.901 -0.338006 0.508867 2.0892 -2.46773 0.151146 -2.67253 -0.247151 0.623327 1.38971 -2.07398 0.505327 -2.20722 0.0908548 0.114459 -0.699493 0.393748 0.354182 0.465308 0.714595 34.9395
178.103 -0.331261 0.506177 2.08978 -2.44695 0.13519 -2.58741 -0.238349 0.607975 1.36021 -2.00089 0.51189 -2.1116 0.0929119 0.101797 -0.729575 0.446052 0.3767 0.475815 0.742479 37.2698
178.28 -0.315551 0.501829 2.0926 -2.43826 0.121718 -2.52523 -0.230001 0.609556 1.37536 3.08583 -0.828785 -2.78824 0.0855503 0.107727 -0.717234 5.52409 -0.950503 -0.26301 0.730307 73.3673
178.5 -0.290906 0.496881 2.09679 -2.43554 0.108338 -2.4658 -0.204105 0.588019 1.34598 -1.98936 0.379075 -2.0696 0.0868007 0.0911389 -0.750804 0.446184 0.270737 0.396201 0.76128 33.3672
178.72 -0.253226 0.491106 2.10215 -2.43858 0.0943325 -2.39275 -0.185405 0.583914 1.35099 -1.97996 0.313419 -2.05705 0.0678206 0.0928072 -0.751159 0.45862 0.219086 0.335697 0.759903 31.6617
179.081 -0.194129 0.492827 2.10674 -2.45145 0.0855139 -2.29763 -0.143943 0.58911 1.36051 -1.98049 0.300152 -2.00184 0.0501862 0.0962835 -0.746227 0.470956 0.214638 0.295789 0.754085 31.3359
179.288 -0.154336 0.499317 2.10781 -2.4658 0.0879369 -2.24786 -0.118826 0.576408 1.31941 -1.97387 0.242434 -1.95868 0.0355104 0.077091 -0.788396 0.491939 0.154497 0.289177 0.792952 31.4016
179.492 -0.127274 0.506497 2.10748 -2.47857 0.0944723 -2.21905 -0.0971265 0.56872 1.27693 -1.96881 0.183804 -1.91775 0.030147 0.062223 -0.830551 0.509757 0.0893321 0.301299 0.833424 32.0973
179.723 -0.102656 0.51636 2.10629 -2.49248 0.104688 -2.1976 -0.0822902 0.581257 1.28264 2.59364 -0.919653 -2.20632 0.0203662 0.0648973 -0.82365 5.08612 -1.02434 -0.00871997 0.826454 88.0276
180.109 -0.0656607 0.54883 2.09988 -2.52636 0.141179 -2.1785 -0.0638922 0.646693 1.34403 2.66097 -0.934804 -2.28775 0.00176847 0.0978625 -0.755846 5.18733 -1.07598 -0.109246 0.762157 87.7356
180.297 -0.0550832 0.564425 2.09666 -2.5435 0.160591 -2.18455 -0.0559919 0.671712 1.35243 2.65065 -0.977923 -2.26869 -0.000908683 0.107287 -0.744233 5.19415 -1.13851 -0.0841391 0.751927 89.3361
180.697 -0.0312971 0.606925 2.08901 -2.59239 0.207848 -2.23252 -0.040741 0.707905 1.32972 -2.06707 0.243515 -1.94549 -0.00944392 0.10098 -0.759288 0.525321 0.0356669 0.287032 0.766032 30.8702
180.879 -0.026073 0.625256 2.08588 -2.61638 0.228412 -2.26889 -0.0362422 0.735486 1.33483 -2.07108 0.282516 -1.98392 -0.0101692 0.11023 -0.751058 0.545296 0.0541043 0.284974 0.759172 31.4323
181.312 -0.0315559 0.667652 2.07958 -2.67555 0.273619 -2.387 -0.0389894 0.781884 1.32918 -2.08468 0.367406 -2.04347 -0.00743343 0.114232 -0.750404 0.590872 0.093787 0.343534 0.759085 33.6316
181.549 -0.0431252 0.686596 2.07717 -2.70061 0.291043 -2.44899 -0.0492153 0.829825 1.37082 -2.0998 0.381836 -2.07742 -0.00609006 0.143229 -0.706348 0.600808 0.0907923 0.371572 0.720749 34.1752
181.745 -0.0542787 0.702233 2.07582 -2.72802 0.304775 -2.51785 -0.0563171 0.833507 1.34085 -2.11259 0.454503 -2.11541 -0.00203846 0.131273 -0.73497 0.61543 0.149728 0.402443 0.746605 35.038
181.913 -0.0627776 0.714302 2.07548 -2.75742 0.313034 -2.59279 -0.0628324 0.855984 1.35499 -2.1402 0.500379 -2.17064 -5.48495e-05 0.141682 -0.720495 0.617223 0.187345 0.422153 0.734293 35.3854
182.278 -0.0770464 0.725098 2.07899 -2.82626 0.309941 -2.78362 -0.0704922 0.863743 1.35401 -2.15389 0.605856 -2.27493 0.00655428 0.138645 -0.724977 0.67237 0.295915 0.508694 0.738144 39.7759
182.978 -0.11212 0.698935 2.09167 -2.89854 0.264697 -3.05617 -0.0969348 0.838832 1.37162 -2.42134 -0.696588 2.60492 0.0151856 0.139897 -0.72005 0.477204 -0.961285 5.66109 0.733672 66.6156
185.135 -0.289858 0.433917 2.12961 -2.8248 -0.0129056 2.82616 -0.195046 0.483627 1.2797 -2.43609 -0.608527 2.4244 0.0948119 0.04971 -0.84991 0.388714 -0.595621 -0.40176 0.856625 42.848
186.838 -0.338459 0.412551 2.11617 -2.58238 -0.191296 3.13357 -0.246967 0.507487 1.40037 -2.61293 -0.729181 2.84842 0.0914925 0.0949355 -0.7158 -0.030548 -0.537885 -0.285156 0.727841 35.1984
187.083 -0.337593 0.412399 2.11606 -2.55151 -0.218236 -3.06704 -0.244808 0.504283 1.3915 -2.71773 -0.779466 2.97193 0.0927847 0.0918842 -0.724562 -0.166217 -0.56123 6.03897 0.736235 37.9708
187.849 -0.318689 0.409919 2.11888 -2.48128 -0.289032 -2.7732 -0.254774 0.551052 1.53002 -2.26864 0.568623 -2.2235 0.0639144 0.141133 -0.588867 0.212634 0.857655 0.549702 0.608907 58.0546
188.085 -0.307309 0.408513 2.12047 -2.47286 -0.300112 -2.70557 -0.242507 0.543614 1.516 -2.21242 0.446754 -2.17178 0.0648027 0.135101 -0.604473 0.260435 0.746865 0.533788 0.622767 53.4895
191.19 -0.211787 0.590259 2.07561 -2.41952 0.0971102 -2.35419 -0.159224 0.716103 1.35906 -1.97545 0.283987 -2.03202 0.0525634 0.125844 -0.716547 0.444068 0.186877 0.322168 0.72941 30.2702
191.43 -0.204189 0.617102 2.07202 -2.44664 0.17006 -2.40962 -0.15574 0.74177 1.35969 -1.97383 0.341835 -2.03516 0.048449 0.124667 -0.712327 0.472817 0.171775 0.374461 0.724775 31.3919
191.815 -0.204017 0.658467 2.06633 -2.50751 0.274989 -2.52309 -0.150499 0.774902 1.31915 -1.98939 0.493134 -2.0889 0.0535181 0.116434 -0.747179 0.518118 0.218145 0.434194 0.758089 32.9244
192.034 -0.203233 0.683564 2.06424 -2.56541 0.334372 -2.61625 -0.152612 0.811728 1.33763 -2.01894 0.53199 -2.14475 0.050621 0.128164 -0.726608 0.546473 0.197618 0.471494 0.739559 33.2656
192.21 -0.193271 0.697269 2.06567 -2.62021 0.367149 -2.6954 -0.144871 0.818882 1.3257 -2.05021 0.615879 -2.18765 0.0484007 0.121613 -0.739974 0.570005 0.248729 0.507745 0.751461 34.4868
192.441 -0.188698 0.706392 2.06782 -2.67974 0.392666 -2.77981 -0.146504 0.855656 1.36794 -2.14987 0.71371 -2.28899 0.0421941 0.149263 -0.699884 0.529871 0.321044 0.490818 0.716866 33.496
192.865 -0.18187 0.702371 2.08025 -2.83254 0.41408 -2.98343 -0.142878 0.849947 1.37584 -2.39535 -0.700613 2.59394 0.0389912 0.147576 -0.704408 0.437189 -1.11469 5.57737 0.720756 75.9813
193.544 -0.227973 0.653157 2.10146 -3.02647 0.377585 3.06227 -0.166415 0.7703 1.35047 -2.48694 0.981385 -2.69729 0.0615583 0.117143 -0.750994 0.53953 0.6038 -5.75956 0.762564 42.4299
194.417 -0.309515 0.555212 2.12508 3.12146 0.264382 2.93659 -0.220459 0.658498 1.36852 -2.40234 -0.508167 2.45587 0.0890557 0.103285 -0.756553 -5.5238 -0.772549 -0.480724 0.768747 64.3683
194.633 -0.324134 0.535842 2.12851 3.11165 0.238454 2.93941 -0.233306 0.633296 1.37368 -2.47811 -0.54624 2.50723 0.0908278 0.0974543 -0.754837 -5.58976 -0.784694 -0.432187 0.766502 61.3697
195.074 -0.365058 0.491443 2.13283 3.11413 0.189511 2.98391 -0.256714 0.582888 1.37047 -2.55357 -0.556589 2.5999 0.108344 0.0914451 -0.762356 -5.6677 -0.7461 -0.384014 0.775427 56.3009
195.322 -0.381031 0.475404 2.13339 3.12587 0.17368 3.01978 -0.268397 0.565663 1.37512 -2.59708 -0.584701 2.65839 0.112635 0.0902593 -0.75827 -5.72295 -0.75838 -0.361396 0.771886 54.6642
195.518 -0.395442 0.461062 2.13342 -3.13949 0.160749 3.06488 -0.269781 0.533266 1.33958 -2.49262 1.05935 -2.68115 0.12566 0.0722042 -0.793836 0.646873 0.898598 -5.74603 0.806957 58.6755
197.016 -0.14668 0.379026 2.17567 -2.91575 0.0115714 -2.77293 -0.104351 0.425634 1.31224 -2.21857 0.680121 -2.23596 0.0423288 0.0466077 -0.863432 0.697177 0.66855 0.536978 0.865724 55.0669
197.264 -0.115619 0.370743 2.17507 -2.87087 0.00228038 -2.70462 -0.0887675 0.417018 1.31072 -2.24334 0.689988 -2.2294 0.0268512 0.0462744 -0.864355 0.627525 0.687708 0.475219 0.866009 52.9868
197.805 -0.0527899 0.359735 2.16869 -2.75445 -0.0200636 -2.57353 -0.0517673 0.412921 1.33032 -2.19122 0.524632 -2.15084 0.00102253 0.0531856 -0.838372 0.563234 0.544695 0.422687 0.840058 46.3906
198.418 -0.00156358 0.368796 2.15689 -2.63576 -0.0536206 -2.51374 -0.0212931 0.431379 1.3493 -2.17824 0.442949 -2.12971 -0.0197295 0.0625836 -0.807585 0.457512 0.49657 0.384033 0.810247 41.5102
198.605 0.00754117 0.374776 2.15274 -2.59977 -0.0662526 -2.51121 -0.0148408 0.45548 1.40418 -2.18165 0.388898 -2.14374 -0.022382 0.0807041 -0.748563 0.418117 0.455151 0.367466 0.753233 38.858
198.819 0.0171794 0.382735 2.14815 -2.5641 -0.0809227 -2.51606 -0.00976253 0.469988 1.40812 2.72517 -0.860688 -2.47507 -0.0269419 0.0872531 -0.740026 5.28927 -0.779765 0.0409927 0.745639 70.3632
199.042 0.0256804 0.391736 2.14358 -2.5289 -0.0973434 -2.52827 -0.00257666 0.48191 1.40811 -2.21149 0.409327 -2.15635 -0.0282571 0.0901742 -0.735473 0.317409 0.50667 0.371914 0.741519 38.5395
199.282 0.0360876 0.404376 2.1377 -2.48299 -0.121518 -2.55599 0.00417839 0.497834 1.41307 -2.17132 0.348719 -2.16439 -0.0319092 0.0934583 -0.724631 0.311664 0.470236 0.391602 0.73133 37.9118
199.499 0.0436801 0.412965 2.13369 -2.44998 -0.140713 -2.58521 0.00944465 0.528193 1.46679 -2.22374 0.367575 -2.19701 -0.0342354 0.115228 -0.666905 0.226244 0.508288 0.388207 0.677651 37.7957
199.746 0.0519753 0.420539 2.12997 -2.4186 -0.160518 -2.62145 0.0163066 0.556174 1.51188 -2.24605 0.363416 -2.2637 -0.0356687 0.135635 -0.618089 0.172551 0.523934 0.357742 0.6338 36.9401
199.967 0.0647151 0.429794 2.12549 -2.37957 -0.187916 -2.68017 0.0244598 0.589232 1.57185 -2.2617 0.324234 -2.31292 -0.0402553 0.159438 -0.553639 0.117865 0.512149 0.367256 0.577544 36.313
200.405 0.0920965 0.443602 2.11917 -2.32707 -0.230898 -2.78931 0.0470315 0.622236 1.59983 3.11522 -0.842293 -2.8749 -0.045065 0.178635 -0.519339 5.44229 -0.611395 -0.0855925 0.551048 61.174
200.623 0.114962 0.451055 2.11549 -2.29639 -0.258703 -2.87494 0.066969 0.677829 1.71213 -2.45484 0.389949 -2.50524 -0.0479933 0.226775 -0.403369 -0.158455 0.648652 0.369703 0.465227 43.7986
200.863 0.131962 0.454546 2.11363 -2.27616 -0.277755 -2.94558 0.0798855 0.659685 1.65326 -2.50851 0.503573 -2.51486 -0.0520768 0.205139 -0.460372 -0.232357 0.781327 0.430715 0.506692 53.1328
201.095 0.149591 0.454709 2.11233 -2.25937 -0.294503 -3.02 0.0966488 0.676109 1.69422 -2.6707 0.524903 -2.66438 -0.0529421 0.221399 -0.418105 -0.41133 0.819406 0.355614 0.476059 56.8116
201.303 0.166551 0.452587 2.11187 -2.24631 -0.309226 -3.09754 0.11249 0.675337 1.69879 -2.76462 0.532551 -2.74383 -0.0540613 0.22275 -0.413081 -0.518305 0.841777 0.353706 0.472415 60.5846
201.542 0.188766 0.447696 2.11208 -2.23463 -0.326074 3.07831 0.123566 0.648731 1.64795 -2.81996 0.651268 -2.7929 -0.0652007 0.201035 -0.464132 -0.58533 0.977341 -5.87121 0.509985 70.2322
201.77 0.204289 0.442995 2.1128 -2.23031 -0.336261 2.99605 0.132955 0.631411 1.62386 -2.30586 -0.730729 2.64546 -0.0713336 0.188416 -0.488943 -0.0755425 -0.394469 -0.350594 0.528824 31.8814
202.225 0.226927 0.421664 2.11814 -2.24119 -0.350367 2.80503 0.146482 0.588352 1.58598 -2.13218 -0.639325 2.42103 -0.0804449 0.166687 -0.532165 0.109005 -0.288958 -0.384002 0.563432 25.7332
202.472 0.229595 0.409279 2.12191 -2.25518 -0.353068 2.72588 0.138461 0.530128 1.47865 -2.08561 -0.671637 2.33012 -0.0911342 0.120849 -0.643268 0.169566 -0.318569 -0.395763 0.660836 26.8092
202.672 0.228346 0.396711 2.12614 -2.27399 -0.354371 2.64951 0.131255 0.492038 1.42169 -2.01054 -0.639414 2.20073 -0.0970917 0.0953271 -0.704454 0.263459 -0.285043 -0.448779 0.717474 27.8476
202.888 0.220169 0.379812 2.13245 -2.30641 -0.354376 2.55357 0.124191 0.462173 1.39159 -2.01649 -0.618988 2.15518 -0.0959777 0.0823616 -0.740858 0.28992 -0.264612 -0.398388 0.751575 25.7609
203.088 0.208552 0.367403 2.13793 -2.3362 -0.353083 2.48731 0.111991 0.435103 1.35445 -1.99311 -0.598833 2.11356 -0.0965613 0.0676999 -0.783481 0.34309 -0.24575 -0.373749 0.792307 25.4704
203.312 0.190859 0.35416 2.14345 -2.37108 -0.350806 2.4271 0.096706 0.40681 1.32394 -2.01873 -0.584609 2.06196 -0.0941526 0.0526509 -0.819512 0.35235 -0.233804 -0.365138 0.826581 25.2103
203.545 0.167476 0.340805 2.14894 -2.41061 -0.347785 2.37367 0.0813424 0.394366 1.33744 -2.017 -0.533812 2.02528 -0.0861339 0.0535605 -0.811496 0.393612 -0.186027 -0.348393 0.81781 25.083
206.342 -0.36211 0.353542 2.12985 2.92925 0.0330705 2.44477 -0.251475 0.404876 1.35496 -2.43532 -0.294825 2.15563 0.110635 0.0513341 -0.774885 -5.36457 -0.327896 -0.289145 0.784425 55.8771
206.572 -0.316271 0.30403 2.11987 2.84134 0.101883 2.44747 -0.224072 0.362545 1.3463 2.42005 0.934737 2.17351 0.0921994 0.058515 -0.773561 -0.421286 0.832854 -0.273964 0.781231 51.6594
206.764 -0.24719 0.345799 2.10463 2.82884 0.145269 2.45472 -0.178257 0.423289 1.36012 2.51631 0.921912 2.26423 0.0689328 0.0774892 -0.744511 -0.312535 0.776643 -0.190488 0.7517 46.8295
207.221 -0.179492 0.455854 2.04957 2.82448 0.232569 2.48386 -0.136538 0.536122 1.30852 -2.24558 -0.262996 2.13088 0.0429547 0.0802679 -0.741048 -5.07005 -0.495565 -0.352982 0.746619 76.4353
207.432 -0.186198 0.497382 2.02101 2.82901 0.264197 2.50034 -0.148659 0.623906 1.37185 2.81442 1.01236 2.52445 0.0375389 0.126524 -0.649158 -0.0145962 0.748159 0.0241065 0.662437 42.9118
207.7 -0.1999 0.538291 1.98974 2.84287 0.290272 2.52023 -0.159553 0.683402 1.35265 2.87567 1.01656 2.58174 0.0403464 0.145112 -0.637094 0.0327994 0.726285 0.0615119 0.654656 41.6973
207.908 -0.215237 0.579533 1.95549 2.86874 0.30986 2.54431 -0.173056 0.739689 1.33504 -2.21614 -0.146018 2.18843 0.0421808 0.160156 -0.620458 -5.08487 -0.455878 -0.355877 0.642182 76.8206
208.161 -0.234724 0.633307 1.90593 2.92463 0.324309 2.58376 -0.180234 0.779551 1.27815 -2.22954 -0.166687 2.20181 0.0544907 0.146244 -0.62778 -5.15418 -0.490996 -0.381951 0.646888 74.3813
208.36 -0.248768 0.671356 1.86764 2.98429 0.325599 2.6191 -0.199376 0.867338 1.3088 -2.23568 -0.104254 2.23905 0.0493921 0.195982 -0.558842 -5.21997 -0.429853 -0.380052 0.594267 70.5426
208.581 -0.263356 0.70707 1.82937 3.06093 0.317552 2.65928 -0.212112 0.919183 1.28191 -2.29156 -0.148644 2.27535 0.0512445 0.212113 -0.54746 -5.3525 -0.466196 -0.383933 0.589347 64.376
